"t" "B_HF_Mean" "B_HF_sd" "B_HM_Mean" "B_HM_sd" "B_MSM_Mean" "B_MSM_sd" "HF_Mean" "HF_sd" "HM_Mean" "HM_sd" "MSM_Mean" "MSM_sd" "Total_Mean" "Total_sd" "W_HF_Mean" "W_HF_sd" "W_HM_Mean" "W_HM_sd" "W_MSM_Mean" "W_MSM_sd"
"1" 0 0 0 0 0 0 0 0 0 0 0 0 0 0 0 0 0 0 0 0 0
"2" 1 0 0 0 0 0 0 1.84615384615385 1.15558842819778 1.19230769230769 1.16684980247608 0 0 3.03846153846154 1.61197442239681 1.84615384615385 1.15558842819778 1.19230769230769 1.16684980247608 0 0
"3" 2 0 0 0 0 0 0 1.46153846153846 1.13950056536254 1.53846153846154 1.47596122525679 0 0 3 2.0591260281974 1.46153846153846 1.13950056536254 1.53846153846154 1.47596122525679 0 0
"4" 3 0 0 0 0 0 0 1.34615384615385 1.05611770905738 1.26923076923077 1.00230503571287 0 0 2.61538461538462 1.60192192261478 1.34615384615385 1.05611770905738 1.26923076923077 1.00230503571287 0 0
"5" 4 0 0 0 0 0 0 1.26923076923077 1.66271325989041 1.11538461538462 1.2434443478314 0 0 2.38461538461538 2.17397190555762 1.26923076923077 1.66271325989041 1.11538461538462 1.2434443478314 0 0
"6" 5 0 0 0 0 0 0 0.884615384615385 0.993052791222021 1.34615384615385 1.6719403743509 0 0 2.23076923076923 2.17821380599228 0.884615384615385 0.993052791222021 1.34615384615385 1.6719403743509 0 0
"7" 6 0 0 0 0 0 0 1.26923076923077 1.48479472810735 0.769230769230769 1.10662341589873 0 0 2.03846153846154 2.37454449073113 1.26923076923077 1.48479472810735 0.769230769230769 1.10662341589873 0 0
"8" 7 0 0 0 0 0 0 0.846153846153846 0.924870053242408 1.15384615384615 1.59228911174592 0 0 2 2.19089023002066 0.846153846153846 0.924870053242408 1.15384615384615 1.59228911174592 0 0
"9" 8 0 0 0 0 0 0 1.26923076923077 1.7563073149695 0.692307692307692 1.01071185880965 0 0 1.96153846153846 2.35763897542892 1.26923076923077 1.7563073149695 0.692307692307692 1.01071185880965 0 0
"10" 9 0 0 0 0 0 0 1.26923076923077 1.37281294596729 1.19230769230769 1.897771973009 0 0 2.46153846153846 2.88763944052258 1.26923076923077 1.37281294596729 1.19230769230769 1.897771973009 0 0
"11" 10 0 0 0 0 0 0 1.03846153846154 1.28002403823582 1.15384615384615 1.28661750935724 0 0 2.19230769230769 2.17291013655385 1.03846153846154 1.28002403823582 1.15384615384615 1.28661750935724 0 0
"12" 11 0 0 0 0 0 0 1.5 1.65529453572468 1 1.2 0 0 2.5 2.54950975679639 1.5 1.65529453572468 1 1.2 0 0
"13" 12 0 0 0 0 0 0 1.46153846153846 1.83805917708368 1.26923076923077 1.56352658583581 0 0 2.73076923076923 3.11843155843052 1.46153846153846 1.83805917708368 1.26923076923077 1.56352658583581 0 0
"14" 13 0 0 0 0 0 0 1.92307692307692 2.27900113072507 1.30769230769231 1.51708221976874 0 0 3.23076923076923 3.54748014576761 1.92307692307692 2.27900113072507 1.30769230769231 1.51708221976874 0 0
"15" 14 0 0 0 0 0 0 1.96153846153846 2.18138981808881 2.19230769230769 2.17291013655385 0 0 4.15384615384615 3.95668859216702 1.96153846153846 2.18138981808881 2.19230769230769 2.17291013655385 0 0
"16" 15 0 0 0 0 0 0 2 2.28035085019828 1.80769230769231 2.15442299967728 0 0 3.80769230769231 4.28036662700036 2 2.28035085019828 1.80769230769231 2.15442299967728 0 0
"17" 16 0 0 0 0 0 0 2.15384615384615 2.52495239863737 1.80769230769231 2.26308162944655 0 0 3.96153846153846 4.48536080359892 2.15384615384615 2.52495239863737 1.80769230769231 2.26308162944655 0 0
"18" 17 0 0 0 0 0 0 2.15384615384615 1.86959477304164 1.80769230769231 2.09798438067076 0 0 3.96153846153846 3.38798783032961 2.15384615384615 1.86959477304164 1.80769230769231 2.09798438067076 0 0
"19" 18 0 0 0 0 0 0 2.53846153846154 2.78898933996915 2.5 2.9698484809835 0 0 5.03846153846154 5.36269163186375 2.53846153846154 2.78898933996915 2.5 2.9698484809835 0 0
"20" 19 0 0 0 0 0 0 1.92307692307692 2.20767890641872 1.15384615384615 1.64176265500974 0 0 3.07692307692308 3.22394884479363 1.92307692307692 2.20767890641872 1.15384615384615 1.64176265500974 0 0
"21" 20 0 0 0 0 0 0 2.46153846153846 2.46950633497093 2.42307692307692 3.22704914028996 0 0 4.88461538461539 5.21786870725528 2.46153846153846 2.46950633497093 2.42307692307692 3.22704914028996 0 0
"22" 21 0 0 0 0 0 0 2.19230769230769 2.53012617502338 2.42307692307692 3.65702695558102 0 0 4.61538461538461 5.8177447388274 2.19230769230769 2.53012617502338 2.42307692307692 3.65702695558102 0 0
"23" 22 0 0 0 0 0 0 2.46153846153846 2.46950633497093 2.73076923076923 2.93336247071776 0 0 5.19230769230769 4.80016025373513 2.46153846153846 2.46950633497093 2.73076923076923 2.93336247071776 0 0
"24" 23 0 0 0 0 0 0 1.96153846153846 1.88638849086331 2.26923076923077 2.55433266913599 0 0 4.23076923076923 3.95279842448554 1.96153846153846 1.88638849086331 2.26923076923077 2.55433266913599 0 0
"25" 24 0 0 0 0 0 0 3.07692307692308 2.63701462905426 2.30769230769231 2.2229571434327 0 0 5.38461538461539 4.18642494810953 3.07692307692308 2.63701462905426 2.30769230769231 2.2229571434327 0 0
"26" 25 0 0 0 0 0 0 3.42307692307692 2.70071215679238 2.15384615384615 2.36122523605534 0 0 5.57692307692308 4.14895723692667 3.42307692307692 2.70071215679238 2.15384615384615 2.36122523605534 0 0
"27" 26 0 0 0 0 0 0 2.61538461538462 2.09908404933053 3.34615384615385 2.78484911896221 0 0 5.96153846153846 4.60852053683843 2.61538461538462 2.09908404933053 3.34615384615385 2.78484911896221 0 0
"28" 27 0 0 0 0 0 0 3 2.46576560118759 3.03846153846154 3.18095292930618 0 0 6.03846153846154 5.07921859526262 3 2.46576560118759 3.03846153846154 3.18095292930618 0 0
"29" 28 0 0 0 0 0 0 3.57692307692308 3.70051971401939 2.76923076923077 3.30221370971283 0 0 6.34615384615385 6.72275126829668 3.57692307692308 3.70051971401939 2.76923076923077 3.30221370971283 0 0
"30" 29 0 0 0 0 0 0 3.73076923076923 4.28539559254632 3.38461538461538 3.25056208157202 0 0 7.11538461538461 7.17399148634523 3.73076923076923 4.28539559254632 3.38461538461538 3.25056208157202 0 0
"31" 30 0 0 0 0 0 0 3.76923076923077 3.63656642791183 3.38461538461538 2.63934723864706 0 0 7.15384615384615 5.63341677984015 3.76923076923077 3.63656642791183 3.38461538461538 2.63934723864706 0 0
"32" 31 0 0 0 0 0 0 3.84615384615385 3.20864217627716 3.46153846153846 3.15253255946097 0 0 7.30769230769231 5.59835140568529 3.84615384615385 3.20864217627716 3.46153846153846 3.15253255946097 0 0
"33" 32 0 0 0 0 0 0 4 4.55192267069642 3.73076923076923 3.67214043639611 0 0 7.73076923076923 7.64490780746343 4 4.55192267069642 3.73076923076923 3.67214043639611 0 0
"34" 33 0 0 0 0 0 0 3.88461538461538 3.99326355831341 3.57692307692308 3.4313038562398 0 0 7.46153846153846 6.96408368261479 3.88461538461538 3.99326355831341 3.57692307692308 3.4313038562398 0 0
"35" 34 0 0 0 0 0 0 4.11538461538461 4.11170935818108 4.65384615384615 4.38125377208221 0 0 8.76923076923077 8.06130357849246 4.11538461538461 4.11170935818108 4.65384615384615 4.38125377208221 0 0
"36" 35 0 0 0 0 0 0 4.30769230769231 3.58629871337267 4.30769230769231 3.97762975420519 0 0 8.61538461538461 6.96894208945331 4.30769230769231 3.58629871337267 4.30769230769231 3.97762975420519 0 0
"37" 36 0 0 0 0 0 0 4.19230769230769 4.1087149404088 3.57692307692308 3.07471074311815 0 0 7.76923076923077 6.78414441065455 4.19230769230769 4.1087149404088 3.57692307692308 3.07471074311815 0 0
"38" 37 0 0 0 0 0 0 5.11538461538461 3.80869450680333 3.30769230769231 2.47821275550314 0 0 8.42307692307692 5.52212333743517 5.11538461538461 3.80869450680333 3.30769230769231 2.47821275550314 0 0
"39" 38 0 0 0 0 0 0 4.15384615384615 3.02908973379539 4.07692307692308 3.1358963876133 0 0 8.23076923076923 5.70128190713416 4.15384615384615 3.02908973379539 4.07692307692308 3.1358963876133 0 0
"40" 39 0 0 0 0 0 0 4.73076923076923 3.4241225714941 3.69230769230769 3.06945246934017 0 0 8.42307692307692 6.13953142787348 4.73076923076923 3.4241225714941 3.69230769230769 3.06945246934017 0 0
"41" 40 0 0 0 0 0 0 4.76923076923077 3.5248567892349 4.19230769230769 3.00691510713862 0 0 8.96153846153846 5.99653746244127 4.76923076923077 3.5248567892349 4.19230769230769 3.00691510713862 0 0
"42" 41 0 0 0 0 0 0 4.46153846153846 3.4436116997219 4.15384615384615 3.46054686652047 0 0 8.61538461538461 5.96708922726599 4.46153846153846 3.4436116997219 4.15384615384615 3.46054686652047 0 0
"43" 42 0 0 0 0 0 0 4.19230769230769 2.77155885045554 4.53846153846154 2.80329476481899 0 0 8.73076923076923 5.04822893544017 4.19230769230769 2.77155885045554 4.53846153846154 2.80329476481899 0 0
"44" 43 0 0 0 0 0 0 4.92307692307692 2.97890015842192 4.07692307692308 2.9109871442255 0 0 9 5.47722557505166 4.92307692307692 2.97890015842192 4.07692307692308 2.9109871442255 0 0
"45" 44 0 0 0 0 0 0 4.96153846153846 2.86329557301749 4.15384615384615 3.66270181906535 0 0 9.11538461538461 5.58087393211438 4.96153846153846 2.86329557301749 4.15384615384615 3.66270181906535 0 0
"46" 45 0 0 0 0 0 0 5.88461538461539 3.69136205839441 5 3.04630924234556 0 0 10.8846153846154 6.21177541820001 5.88461538461539 3.69136205839441 5 3.04630924234556 0 0
"47" 46 0 0 0 0 0 0 5.15384615384615 3.36680629311884 4.76923076923077 2.98406021799417 0 0 9.92307692307692 5.72659114603497 5.15384615384615 3.36680629311884 4.76923076923077 2.98406021799417 0 0
"48" 47 0 0 0 0 0 0 5.84615384615385 3.80202375260658 4.92307692307692 3.45164397843204 0 0 10.7692307692308 6.57454297914428 5.84615384615385 3.80202375260658 4.92307692307692 3.45164397843204 0 0
"49" 48 0 0 0 0 0 0 5 3.286335345031 5.73076923076923 3.4241225714941 0 0 10.7307692307692 5.66785809496104 5 3.286335345031 5.73076923076923 3.4241225714941 0 0
"50" 49 0 0 0 0 0 0 4.80769230769231 3.21271512299775 4.42307692307692 3.0485810066072 0 0 9.23076923076923 5.60933288231456 4.80769230769231 3.21271512299775 4.42307692307692 3.0485810066072 0 0
"51" 50 0 0 0 0 0 0 4.19230769230769 2.68356823306926 4.80769230769231 3.3825343252565 0 0 9 5.14587213210744 4.19230769230769 2.68356823306926 4.80769230769231 3.3825343252565 0 0
"52" 51 0 0 0 0 0 0 4.73076923076923 2.72114229407714 4.03846153846154 2.6150452268482 0 0 8.76923076923077 4.86873858248883 4.73076923076923 2.72114229407714 4.03846153846154 2.6150452268482 0 0
"53" 52 0 0 0 0 0 0 5.11538461538461 3.38617097119355 4.26923076923077 2.7503845884922 0 0 9.38461538461539 5.06815092969357 5.11538461538461 3.38617097119355 4.26923076923077 2.7503845884922 0 0
"54" 53 0 0 0 0 0 0 5.03846153846154 2.9049030170492 4.23076923076923 3.21630461626622 0 0 9.26923076923077 5.51040972928651 5.03846153846154 2.9049030170492 4.23076923076923 3.21630461626622 0 0
"55" 54 0 0 0 0 0 0 5.30769230769231 3.66354179197378 5 2.89827534923789 0 0 10.3076923076923 5.78805135270399 5.30769230769231 3.66354179197378 5 2.89827534923789 0 0
"56" 55 0 0 0 0 0 0 4.80769230769231 2.63847275171423 4.23076923076923 2.67294133579759 0 0 9.03846153846154 4.88655927401495 4.80769230769231 2.63847275171423 4.23076923076923 2.67294133579759 0 0
"57" 56 0 0 0 0 0 0 5.96153846153846 3.36429213036881 4.42307692307692 3.0354317903465 0 0 10.3846153846154 5.83147955892446 5.96153846153846 3.36429213036881 4.42307692307692 3.0354317903465 0 0
"58" 57 0 0 0 0 0 0 5.15384615384615 3.47208649307367 4.84615384615385 3.56305832332066 0 0 10 6.01996677731696 5.15384615384615 3.47208649307367 4.84615384615385 3.56305832332066 0 0
"59" 58 0 0 0 0 0 0 4.92307692307692 3.29755153922515 4.76923076923077 2.74674632695038 0 0 9.69230769230769 5.56969823792443 4.92307692307692 3.29755153922515 4.76923076923077 2.74674632695038 0 0
"60" 59 0 0 0 0 0 0 5.69230769230769 3.9168276017127 4.30769230769231 3.40316594681165 0 0 10 6.43739077577243 5.69230769230769 3.9168276017127 4.30769230769231 3.40316594681165 0 0
"61" 60 0 0 0 0 0 0 4.65384615384615 2.81342933363975 3.96153846153846 2.30617899098521 0 0 8.61538461538461 4.63962863235344 4.65384615384615 2.81342933363975 3.96153846153846 2.30617899098521 0 0
"62" 61 0 0 0 0 0 0 4.61538461538461 2.85764830693944 4.53846153846154 3.20288331639814 0 0 9.15384615384615 5.30427983946781 4.61538461538461 2.85764830693944 4.53846153846154 3.20288331639814 0 0
"63" 62 0 0 0 0 0 0 5.5 3.80788655293195 5.26923076923077 3.34134933591437 0 0 10.7692307692308 6.35803549727551 5.5 3.80788655293195 5.26923076923077 3.34134933591437 0 0
"64" 63 0 0 0 0 0 0 5.69230769230769 4.04741132843432 5.23076923076923 3.27789801315041 0 0 10.9230769230769 6.8054276980838 5.69230769230769 4.04741132843432 5.23076923076923 3.27789801315041 0 0
"65" 64 0 0 0 0 0 0 5.11538461538461 3.2781326767161 5.65384615384615 3.55462861848951 0 0 10.7692307692308 5.7501839435461 5.11538461538461 3.2781326767161 5.65384615384615 3.55462861848951 0 0
"66" 65 0 0 0 0 0 0 5.42307692307692 3.26402300142725 5.34615384615385 3.12336110870719 0 0 10.7692307692308 5.76407975175703 5.42307692307692 3.26402300142725 5.34615384615385 3.12336110870719 0 0
"67" 66 0 0 0 0 0 0 4.61538461538461 3.27508073887558 4.69230769230769 3.74987179268018 0 0 9.30769230769231 6.37350284078845 4.61538461538461 3.27508073887558 4.69230769230769 3.74987179268018 0 0
"68" 67 0 0 0 0 0 0 5.38461538461539 4.05045106699906 5.80769230769231 3.49879099997963 0 0 11.1923076923077 6.23550627146974 5.38461538461539 4.05045106699906 5.80769230769231 3.49879099997963 0 0
"69" 68 0 0 0 0 0 0 5.23076923076923 2.91626737193547 5.03846153846154 3.54943115702524 0 0 10.2692307692308 5.44468689500281 5.23076923076923 2.91626737193547 5.03846153846154 3.54943115702524 0 0
"70" 69 0 0 0 0 0 0 6.23076923076923 3.63656642791183 5 2.85657137141714 0 0 11.2307692307692 5.71529661387888 6.23076923076923 3.63656642791183 5 2.85657137141714 0 0
"71" 70 0 0 0 0 0 0 4.38461538461539 2.8716117157711 4.92307692307692 3.04529902535796 0 0 9.30769230769231 4.78137411854986 4.38461538461539 2.8716117157711 4.92307692307692 3.04529902535796 0 0
"72" 71 0 0 0 0 0 0 4.88461538461539 2.97088435422078 5.61538461538461 4.18642494810953 0 0 10.5 5.81205643468816 4.88461538461539 2.97088435422078 5.61538461538461 4.18642494810953 0 0
"73" 72 0 0 0 0 0 0 5.92307692307692 3.38139707130738 4.65384615384615 2.77044845023051 0 0 10.5769230769231 5.06890975988389 5.92307692307692 3.38139707130738 4.65384615384615 2.77044845023051 0 0
"74" 73 0 0 0 0 0 0 5 3.41760149812701 4.30769230769231 2.34553585807987 0 0 9.30769230769231 4.89709490019731 5 3.41760149812701 4.30769230769231 2.34553585807987 0 0
"75" 74 0 0 0 0 0 0 4.30769230769231 2.64981857143814 4.76923076923077 3.37410956914789 0 0 9.07692307692308 5.37343895041585 4.30769230769231 2.64981857143814 4.76923076923077 3.37410956914789 0 0
"76" 75 0 0 0 0 0 0 4.42307692307692 2.64080407335458 4.61538461538461 3.27508073887558 0 0 9.03846153846154 5.34026792759142 4.42307692307692 2.64080407335458 4.61538461538461 3.27508073887558 0 0
"77" 76 0 0 0 0 0 0 4.61538461538461 2.8716117157711 3.96153846153846 2.66053782879732 0 0 8.57692307692308 4.22538118444314 4.61538461538461 2.8716117157711 3.96153846153846 2.66053782879732 0 0
"78" 77 0 0 0 0 0 0 4.46153846153846 3.11423530557046 5.15384615384615 3.14569302624789 0 0 9.61538461538461 5.06025235004677 4.46153846153846 3.11423530557046 5.15384615384615 3.14569302624789 0 0
"79" 78 0 0 0 0 0 0 5.26923076923077 3.37707201353708 4.38461538461539 2.36773179354289 0 0 9.65384615384615 4.8985084071975 5.26923076923077 3.37707201353708 4.38461538461539 2.36773179354289 0 0
"80" 79 0 0 0 0 0 0 4.42307692307692 3.08769269096621 4.26923076923077 2.47479602889115 0 0 8.69230769230769 4.40698745874531 4.42307692307692 3.08769269096621 4.26923076923077 2.47479602889115 0 0
"81" 80 0 0 0 0 0 0 4.38461538461539 2.41788209930796 4.23076923076923 2.61239648304299 0 0 8.61538461538461 3.53357522152194 4.38461538461539 2.41788209930796 4.23076923076923 2.61239648304299 0 0
"82" 81 0 0 0 0 0 0 4.65384615384615 2.91125138306272 4.11538461538461 2.51915736827889 0 0 8.76923076923077 4.50162363871252 4.65384615384615 2.91125138306272 4.11538461538461 2.51915736827889 0 0
"83" 82 0 0 0 0 0 0 4.57692307692308 2.94174202707276 4.53846153846154 1.98455575342734 0 0 9.11538461538461 3.90207045632877 4.57692307692308 2.94174202707276 4.53846153846154 1.98455575342734 0 0
"84" 83 0 0 0 0 0 0 3.96153846153846 2.06844423141199 3.46153846153846 1.55514035973012 0 0 7.42307692307692 2.83087374389007 3.96153846153846 2.06844423141199 3.46153846153846 1.55514035973012 0 0
"85" 84 0 0 0 0 0 0 4.46153846153846 2.77461015972723 3.92307692307692 2.46451742818876 0 0 8.38461538461539 4.08976207696167 4.46153846153846 2.77461015972723 3.92307692307692 2.46451742818876 0 0
"86" 85 0 0 0 0 0 0 4.46153846153846 2.99640810612666 2.73076923076923 1.88801890472934 0 0 7.19230769230769 3.92957230007777 4.46153846153846 2.99640810612666 2.73076923076923 1.88801890472934 0 0
"87" 86 0 0 0 0 0 0 4.5 2.42074368738204 3.73076923076923 2.05051588255624 0 0 8.23076923076923 3.6255503560998 4.5 2.42074368738204 3.73076923076923 2.05051588255624 0 0
"88" 87 0 0 0 0 0 0 3.88461538461538 2.10384263816328 3.34615384615385 2.91125138306272 0 0 7.23076923076923 4.14060567847451 3.88461538461538 2.10384263816328 3.34615384615385 2.91125138306272 0 0
"89" 88 0 0 0 0 0 0 4.26923076923077 2.61622158553426 4.03846153846154 2.67553014157223 0 0 8.30769230769231 4.03751637291274 4.26923076923077 2.61622158553426 4.03846153846154 2.67553014157223 0 0
"90" 89 0 0 0 0 0 0 4.53846153846154 2.15834694580402 4.5 2.73130005674953 0 0 9.03846153846154 4.19981684582334 4.53846153846154 2.15834694580402 4.5 2.73130005674953 0 0
"91" 90 0 0 0 0 0 0 3.76923076923077 2.79009236130551 3.07692307692308 1.74179394701157 0 0 6.84615384615385 3.90581420645998 3.76923076923077 2.79009236130551 3.07692307692308 1.74179394701157 0 0
"92" 91 0 0 0 0 0 0 4 2.31516738055805 3.88461538461538 2.95738970143501 0 0 7.88461538461539 3.79817770070778 4 2.31516738055805 3.88461538461538 2.95738970143501 0 0
"93" 92 0 0 0 0 0 0 3.96153846153846 2.32345895992624 3.53846153846154 2.4856511296764 0 0 7.5 3.7868192457523 3.96153846153846 2.32345895992624 3.53846153846154 2.4856511296764 0 0
"94" 93 0 0 0 0 0 0 3.42307692307692 2.50076911246243 3.38461538461538 2.53103809654336 0 0 6.80769230769231 4.57837727383169 3.42307692307692 2.50076911246243 3.38461538461538 2.53103809654336 0 0
"95" 94 0 0 0 0 0 0 3.84615384615385 3.15838322807487 3.11538461538462 2.3719514847808 0 0 6.96153846153846 4.66030702190977 3.84615384615385 3.15838322807487 3.11538461538462 2.3719514847808 0 0
"96" 95 0 0 0 0 0 0 3.68 2.51197133741609 2.92 2.27156333832011 0 0 6.6 4.33012701892219 3.68 2.51197133741609 2.92 2.27156333832011 0 0
"97" 96 0 0 0 0 0 0 2.6 2.16024689946929 3.12 2.43789526709687 0 0 5.72 3.87857362097632 2.6 2.16024689946929 3.12 2.43789526709687 0 0
"98" 97 0 0 0 0 0 0 4.04 2.35372045918796 3.68 3.28785644455472 0 0 7.72 4.58730131268193 4.04 2.35372045918796 3.68 3.28785644455472 0 0
"99" 98 0 0 0 0 0 0 3.36 2.65957390070916 3.44 2.6153393661244 0 0 6.8 4.20317340430616 3.36 2.65957390070916 3.44 2.6153393661244 0 0
"100" 99 0 0 0 0 0 0 2.76 1.98494332412792 3.04 2.73068977854803 0 0 5.8 4 2.76 1.98494332412792 3.04 2.73068977854803 0 0
"101" 100 0 0 0 0 0 0 3.16 2.0952326839757 2.96 2.09125161884775 0 0 6.12 3.75632799419859 3.16 2.0952326839757 2.96 2.09125161884775 0 0
"102" 101 0 0 0 0 0 0 3.2 2.38047614284762 3 2.62995563967658 0 0 6.2 4.52769256906871 3.2 2.38047614284762 3 2.62995563967658 0 0
"103" 102 0 0 0 0 0 0 3.6 2.66145323711189 2.8 2.44948974278318 0 0 6.4 4.61880215351701 3.6 2.66145323711189 2.8 2.44948974278318 0 0
"104" 103 0 0 0 0 0 0 2.8 2.29128784747792 2.32 2.26789182575654 0 0 5.12 3.68917334913934 2.8 2.29128784747792 2.32 2.26789182575654 0 0
"105" 104 0 0 0 0 0 0 2.4 1.60727512683216 2.68 2.28619042659763 0 0 5.08 3.58143360495021 2.4 1.60727512683216 2.68 2.28619042659763 0 0
"106" 105 0 0 0 0 0 0 3.24 2.87634026730728 2.76 2.91947483861967 0 0 6 5.15590276608601 3.24 2.87634026730728 2.76 2.91947483861967 0 0
"107" 106 0 0 0 0 0 0 3 2.21735578260835 2.84 2.1540659228538 0 0 5.84 3.62491379207837 3 2.21735578260835 2.84 2.1540659228538 0 0
"108" 107 0 0 0 0 0 0 3.44 2.51793566240283 2.44 1.73397424048533 0 0 5.88 3.72290209379726 3.44 2.51793566240283 2.44 1.73397424048533 0 0
"109" 108 0 0 0 0 0 0 3.4 2.59807621135332 3 2.64575131106459 0 0 6.4 4.3493294502333 3.4 2.59807621135332 3 2.64575131106459 0 0
"110" 109 0 0 0 0 0 0 3.24 2.65015722804013 2.64 2.28910462845192 0 0 5.88 4.39052009068022 3.24 2.65015722804013 2.64 2.28910462845192 0 0
"111" 110 0 0 0 0 0 0 2.44 2.46779253585061 2.8 2.17944947177034 0 0 5.24 4.34242635708041 2.44 2.46779253585061 2.8 2.17944947177034 0 0
"112" 111 0 0 0 0 0 0 2.48 1.50332963783729 2.28 1.3076696830622 0 0 4.76 1.96383977622072 2.48 1.50332963783729 2.28 1.3076696830622 0 0
"113" 112 0 0 0 0 0 0 2.56 1.78138522878498 2.48 2.3473389188611 0 0 5.04 3.72469238103408 2.56 1.78138522878498 2.48 2.3473389188611 0 0
"114" 113 0 0 0 0 0 0 2.48 2.14320632075713 2.52 1.89560896108172 0 0 5 3.51188458428425 2.48 2.14320632075713 2.52 1.89560896108172 0 0
"115" 114 0 0 0 0 0 0 2.24 1.89912260443255 2.52 1.89560896108172 0 0 4.76 3.07245829914744 2.24 1.89912260443255 2.52 1.89560896108172 0 0
"116" 115 0 0 0 0 0 0 2.92 2.69134414992459 3 1.89296944860009 0 0 5.92 4.0303018910912 2.92 2.69134414992459 3 1.89296944860009 0 0
"117" 116 0 0 0 0 0 0 2.72 1.86010752377383 2.12 2.14709105535839 0 0 4.84 3.32515663791447 2.72 1.86010752377383 2.12 2.14709105535839 0 0
"118" 117 0 0 0 0 0 0 2.84 2.93938769133981 2.92 2.3079572497485 0 0 5.76 5.06030302122972 2.84 2.93938769133981 2.92 2.3079572497485 0 0
"119" 118 0 0 0 0 0 0 2.44 2.59935889531759 2.68 1.9731531449265 0 0 5.12 3.86566078870525 2.44 2.59935889531759 2.68 1.9731531449265 0 0
"120" 119 0 0 0 0 0 0 3 2.38047614284762 2.36 1.97652894404981 0 0 5.36 3.70675059857013 3 2.38047614284762 2.36 1.97652894404981 0 0
"121" 120 0 0 0 0 0 0 2.8 2.25462487641145 2.4 1.95789002074512 0 0 5.2 3.46410161513775 2.8 2.25462487641145 2.4 1.95789002074512 0 0
