seed	t	Total	W_HM	B_HM	HM	W_HF	B_HF	HF	W_MSM	B_MSM	MSM
666063	0	0	0	0	0	0	0	0	0	0	0
666063	1	5	3	0	3	2	0	2	0	0	0
666063	2	5	3	0	3	2	0	2	0	0	0
666063	3	1	1	0	1	0	0	0	0	0	0
666063	4	4	3	0	3	1	0	1	0	0	0
666063	5	0	0	0	0	0	0	0	0	0	0
666063	6	0	0	0	0	0	0	0	0	0	0
666063	7	0	0	0	0	0	0	0	0	0	0
666063	8	1	1	0	1	0	0	0	0	0	0
666063	9	0	0	0	0	0	0	0	0	0	0
666063	10	0	0	0	0	0	0	0	0	0	0
666063	11	0	0	0	0	0	0	0	0	0	0
666063	12	1	0	0	0	1	0	1	0	0	0
666063	13	0	0	0	0	0	0	0	0	0	0
666063	14	0	0	0	0	0	0	0	0	0	0
666063	15	1	1	0	1	0	0	0	0	0	0
666063	16	0	0	0	0	0	0	0	0	0	0
666063	17	0	0	0	0	0	0	0	0	0	0
666063	18	1	1	0	1	0	0	0	0	0	0
666063	19	1	0	0	0	1	0	1	0	0	0
666063	20	0	0	0	0	0	0	0	0	0	0
666063	21	1	1	0	1	0	0	0	0	0	0
666063	22	1	1	0	1	0	0	0	0	0	0
666063	23	0	0	0	0	0	0	0	0	0	0
666063	24	2	0	0	0	2	0	2	0	0	0
666063	25	3	1	0	1	2	0	2	0	0	0
666063	26	3	3	0	3	0	0	0	0	0	0
666063	27	2	0	0	0	2	0	2	0	0	0
666063	28	3	1	0	1	2	0	2	0	0	0
666063	29	5	3	0	3	2	0	2	0	0	0
666063	30	3	3	0	3	0	0	0	0	0	0
666063	31	11	1	0	1	10	0	10	0	0	0
666063	32	5	1	0	1	4	0	4	0	0	0
666063	33	7	3	0	3	4	0	4	0	0	0
666063	34	13	9	0	9	4	0	4	0	0	0
666063	35	10	5	0	5	5	0	5	0	0	0
666063	36	9	4	0	4	5	0	5	0	0	0
666063	37	11	3	0	3	8	0	8	0	0	0
666063	38	7	4	0	4	3	0	3	0	0	0
666063	39	11	5	0	5	6	0	6	0	0	0
666063	40	6	4	0	4	2	0	2	0	0	0
666063	41	8	2	0	2	6	0	6	0	0	0
666063	42	13	9	0	9	4	0	4	0	0	0
666063	43	7	3	0	3	4	0	4	0	0	0
666063	44	11	5	0	5	6	0	6	0	0	0
666063	45	13	5	0	5	8	0	8	0	0	0
666063	46	15	5	0	5	10	0	10	0	0	0
666063	47	11	6	0	6	5	0	5	0	0	0
666063	48	15	10	0	10	5	0	5	0	0	0
666063	49	17	8	0	8	9	0	9	0	0	0
666063	50	12	5	0	5	7	0	7	0	0	0
666063	51	18	10	0	10	8	0	8	0	0	0
666063	52	14	7	0	7	7	0	7	0	0	0
666063	53	23	11	0	11	12	0	12	0	0	0
666063	54	15	7	0	7	8	0	8	0	0	0
666063	55	12	5	0	5	7	0	7	0	0	0
666063	56	9	5	0	5	4	0	4	0	0	0
666063	57	13	6	0	6	7	0	7	0	0	0
666063	58	12	5	0	5	7	0	7	0	0	0
666063	59	16	7	0	7	9	0	9	0	0	0
666063	60	11	5	0	5	6	0	6	0	0	0
666063	61	16	8	0	8	8	0	8	0	0	0
666063	62	24	14	0	14	10	0	10	0	0	0
666063	63	20	10	0	10	10	0	10	0	0	0
666063	64	24	13	0	13	11	0	11	0	0	0
666063	65	24	10	0	10	14	0	14	0	0	0
666063	66	17	7	0	7	10	0	10	0	0	0
666063	67	19	6	0	6	13	0	13	0	0	0
666063	68	13	9	0	9	4	0	4	0	0	0
666063	69	20	11	0	11	9	0	9	0	0	0
666063	70	12	2	0	2	10	0	10	0	0	0
666063	71	7	4	0	4	3	0	3	0	0	0
666063	72	17	5	0	5	12	0	12	0	0	0
666063	73	7	5	0	5	2	0	2	0	0	0
666063	74	11	6	0	6	5	0	5	0	0	0
666063	75	8	5	0	5	3	0	3	0	0	0
666063	76	5	3	0	3	2	0	2	0	0	0
666063	77	12	5	0	5	7	0	7	0	0	0
666063	78	9	6	0	6	3	0	3	0	0	0
666063	79	6	3	0	3	3	0	3	0	0	0
666063	80	6	2	0	2	4	0	4	0	0	0
666063	81	7	3	0	3	4	0	4	0	0	0
666063	82	7	4	0	4	3	0	3	0	0	0
666063	83	6	1	0	1	5	0	5	0	0	0
666063	84	6	4	0	4	2	0	2	0	0	0
666063	85	3	2	0	2	1	0	1	0	0	0
666063	86	9	6	0	6	3	0	3	0	0	0
666063	87	10	6	0	6	4	0	4	0	0	0
666063	88	11	1	0	1	10	0	10	0	0	0
666063	89	6	1	0	1	5	0	5	0	0	0
666063	90	9	4	0	4	5	0	5	0	0	0
666063	91	8	5	0	5	3	0	3	0	0	0
666063	92	6	2	0	2	4	0	4	0	0	0
666063	93	1	0	0	0	1	0	1	0	0	0
666063	94	2	0	0	0	2	0	2	0	0	0
666063	95	5	1	0	1	4	0	4	0	0	0
666063	96	4	1	0	1	3	0	3	0	0	0
666063	97	8	2	0	2	6	0	6	0	0	0
666063	98	2	2	0	2	0	0	0	0	0	0
666063	99	7	5	0	5	2	0	2	0	0	0
666063	100	3	3	0	3	0	0	0	0	0	0
666063	101	2	1	0	1	1	0	1	0	0	0
666063	102	5	2	0	2	3	0	3	0	0	0
666063	103	5	3	0	3	2	0	2	0	0	0
666063	104	5	1	0	1	4	0	4	0	0	0
666063	105	10	8	0	8	2	0	2	0	0	0
666063	106	1	0	0	0	1	0	1	0	0	0
666063	107	7	3	0	3	4	0	4	0	0	0
666063	108	8	6	0	6	2	0	2	0	0	0
666063	109	8	3	0	3	5	0	5	0	0	0
666063	110	7	5	0	5	2	0	2	0	0	0
666063	111	5	2	0	2	3	0	3	0	0	0
666063	112	1	1	0	1	0	0	0	0	0	0
666063	113	5	3	0	3	2	0	2	0	0	0
666063	114	2	0	0	0	2	0	2	0	0	0
666063	115	2	0	0	0	2	0	2	0	0	0
666063	116	6	4	0	4	2	0	2	0	0	0
666063	117	6	3	0	3	3	0	3	0	0	0
666063	118	7	3	0	3	4	0	4	0	0	0
666063	119	6	3	0	3	3	0	3	0	0	0
666063	120	3	0	0	0	3	0	3	0	0	0
624553	0	0	0	0	0	0	0	0	0	0	0
624553	1	2	0	0	0	2	0	2	0	0	0
624553	2	4	1	0	1	3	0	3	0	0	0
624553	3	1	1	0	1	0	0	0	0	0	0
624553	4	0	0	0	0	0	0	0	0	0	0
624553	5	1	0	0	0	1	0	1	0	0	0
624553	6	2	2	0	2	0	0	0	0	0	0
624553	7	1	0	0	0	1	0	1	0	0	0
624553	8	0	0	0	0	0	0	0	0	0	0
624553	9	1	0	0	0	1	0	1	0	0	0
624553	10	0	0	0	0	0	0	0	0	0	0
624553	11	0	0	0	0	0	0	0	0	0	0
624553	12	1	0	0	0	1	0	1	0	0	0
624553	13	0	0	0	0	0	0	0	0	0	0
624553	14	0	0	0	0	0	0	0	0	0	0
624553	15	0	0	0	0	0	0	0	0	0	0
624553	16	0	0	0	0	0	0	0	0	0	0
624553	17	1	1	0	1	0	0	0	0	0	0
624553	18	2	1	0	1	1	0	1	0	0	0
624553	19	3	1	0	1	2	0	2	0	0	0
624553	20	3	1	0	1	2	0	2	0	0	0
624553	21	1	0	0	0	1	0	1	0	0	0
624553	22	1	1	0	1	0	0	0	0	0	0
624553	23	1	0	0	0	1	0	1	0	0	0
624553	24	0	0	0	0	0	0	0	0	0	0
624553	25	2	1	0	1	1	0	1	0	0	0
624553	26	5	2	0	2	3	0	3	0	0	0
624553	27	8	6	0	6	2	0	2	0	0	0
624553	28	9	5	0	5	4	0	4	0	0	0
624553	29	9	5	0	5	4	0	4	0	0	0
624553	30	9	4	0	4	5	0	5	0	0	0
624553	31	7	6	0	6	1	0	1	0	0	0
624553	32	1	0	0	0	1	0	1	0	0	0
624553	33	5	3	0	3	2	0	2	0	0	0
624553	34	3	1	0	1	2	0	2	0	0	0
624553	35	6	1	0	1	5	0	5	0	0	0
624553	36	4	3	0	3	1	0	1	0	0	0
624553	37	6	3	0	3	3	0	3	0	0	0
624553	38	10	6	0	6	4	0	4	0	0	0
624553	39	16	6	0	6	10	0	10	0	0	0
624553	40	8	4	0	4	4	0	4	0	0	0
624553	41	8	5	0	5	3	0	3	0	0	0
624553	42	9	4	0	4	5	0	5	0	0	0
624553	43	6	3	0	3	3	0	3	0	0	0
624553	44	6	2	0	2	4	0	4	0	0	0
624553	45	10	3	0	3	7	0	7	0	0	0
624553	46	12	5	0	5	7	0	7	0	0	0
624553	47	13	6	0	6	7	0	7	0	0	0
624553	48	10	7	0	7	3	0	3	0	0	0
624553	49	4	3	0	3	1	0	1	0	0	0
624553	50	7	3	0	3	4	0	4	0	0	0
624553	51	4	1	0	1	3	0	3	0	0	0
624553	52	4	1	0	1	3	0	3	0	0	0
624553	53	4	1	0	1	3	0	3	0	0	0
624553	54	8	3	0	3	5	0	5	0	0	0
624553	55	4	2	0	2	2	0	2	0	0	0
624553	56	8	3	0	3	5	0	5	0	0	0
624553	57	2	2	0	2	0	0	0	0	0	0
624553	58	6	3	0	3	3	0	3	0	0	0
624553	59	7	2	0	2	5	0	5	0	0	0
624553	60	7	4	0	4	3	0	3	0	0	0
624553	61	9	5	0	5	4	0	4	0	0	0
624553	62	9	4	0	4	5	0	5	0	0	0
624553	63	9	5	0	5	4	0	4	0	0	0
624553	64	7	4	0	4	3	0	3	0	0	0
624553	65	5	4	0	4	1	0	1	0	0	0
624553	66	2	0	0	0	2	0	2	0	0	0
624553	67	4	3	0	3	1	0	1	0	0	0
624553	68	6	1	0	1	5	0	5	0	0	0
624553	69	13	6	0	6	7	0	7	0	0	0
624553	70	7	5	0	5	2	0	2	0	0	0
624553	71	12	8	0	8	4	0	4	0	0	0
624553	72	11	7	0	7	4	0	4	0	0	0
624553	73	19	7	0	7	12	0	12	0	0	0
624553	74	13	5	0	5	8	0	8	0	0	0
624553	75	14	7	0	7	7	0	7	0	0	0
624553	76	11	6	0	6	5	0	5	0	0	0
624553	77	6	4	0	4	2	0	2	0	0	0
624553	78	2	2	0	2	0	0	0	0	0	0
624553	79	13	6	0	6	7	0	7	0	0	0
624553	80	12	7	0	7	5	0	5	0	0	0
624553	81	11	5	0	5	6	0	6	0	0	0
624553	82	9	5	0	5	4	0	4	0	0	0
624553	83	9	4	0	4	5	0	5	0	0	0
624553	84	5	4	0	4	1	0	1	0	0	0
624553	85	8	5	0	5	3	0	3	0	0	0
624553	86	6	4	0	4	2	0	2	0	0	0
624553	87	2	1	0	1	1	0	1	0	0	0
624553	88	4	1	0	1	3	0	3	0	0	0
624553	89	3	1	0	1	2	0	2	0	0	0
624553	90	2	0	0	0	2	0	2	0	0	0
624553	91	4	3	0	3	1	0	1	0	0	0
624553	92	2	1	0	1	1	0	1	0	0	0
624553	93	3	2	0	2	1	0	1	0	0	0
624553	94	4	3	0	3	1	0	1	0	0	0
624553	95	4	1	0	1	3	0	3	0	0	0
624553	96	9	3	0	3	6	0	6	0	0	0
624553	97	4	1	0	1	3	0	3	0	0	0
624553	98	9	7	0	7	2	0	2	0	0	0
624553	99	7	4	0	4	3	0	3	0	0	0
624553	100	12	4	0	4	8	0	8	0	0	0
624553	101	4	2	0	2	2	0	2	0	0	0
624553	102	2	0	0	0	2	0	2	0	0	0
624553	103	3	0	0	0	3	0	3	0	0	0
624553	104	3	2	0	2	1	0	1	0	0	0
624553	105	7	2	0	2	5	0	5	0	0	0
624553	106	4	4	0	4	0	0	0	0	0	0
624553	107	6	0	0	0	6	0	6	0	0	0
624553	108	4	1	0	1	3	0	3	0	0	0
624553	109	2	2	0	2	0	0	0	0	0	0
624553	110	5	4	0	4	1	0	1	0	0	0
624553	111	7	3	0	3	4	0	4	0	0	0
624553	112	10	6	0	6	4	0	4	0	0	0
624553	113	6	4	0	4	2	0	2	0	0	0
624553	114	5	4	0	4	1	0	1	0	0	0
624553	115	14	4	0	4	10	0	10	0	0	0
624553	116	9	5	0	5	4	0	4	0	0	0
624553	117	4	2	0	2	2	0	2	0	0	0
624553	118	2	2	0	2	0	0	0	0	0	0
624553	119	3	2	0	2	1	0	1	0	0	0
624553	120	6	5	0	5	1	0	1	0	0	0
636811	0	0	0	0	0	0	0	0	0	0	0
636811	1	4	0	0	0	4	0	4	0	0	0
636811	2	0	0	0	0	0	0	0	0	0	0
636811	3	4	1	0	1	3	0	3	0	0	0
636811	4	2	1	0	1	1	0	1	0	0	0
636811	5	3	2	0	2	1	0	1	0	0	0
636811	6	4	2	0	2	2	0	2	0	0	0
636811	7	5	2	0	2	3	0	3	0	0	0
636811	8	3	1	0	1	2	0	2	0	0	0
636811	9	6	2	0	2	4	0	4	0	0	0
636811	10	3	1	0	1	2	0	2	0	0	0
636811	11	5	3	0	3	2	0	2	0	0	0
636811	12	2	2	0	2	0	0	0	0	0	0
636811	13	5	1	0	1	4	0	4	0	0	0
636811	14	5	1	0	1	4	0	4	0	0	0
636811	15	4	2	0	2	2	0	2	0	0	0
636811	16	6	0	0	0	6	0	6	0	0	0
636811	17	6	2	0	2	4	0	4	0	0	0
636811	18	16	8	0	8	8	0	8	0	0	0
636811	19	11	5	0	5	6	0	6	0	0	0
636811	20	4	0	0	0	4	0	4	0	0	0
636811	21	3	2	0	2	1	0	1	0	0	0
636811	22	8	2	0	2	6	0	6	0	0	0
636811	23	4	1	0	1	3	0	3	0	0	0
636811	24	9	2	0	2	7	0	7	0	0	0
636811	25	8	6	0	6	2	0	2	0	0	0
636811	26	7	6	0	6	1	0	1	0	0	0
636811	27	4	3	0	3	1	0	1	0	0	0
636811	28	10	6	0	6	4	0	4	0	0	0
636811	29	10	5	0	5	5	0	5	0	0	0
636811	30	9	5	0	5	4	0	4	0	0	0
636811	31	12	4	0	4	8	0	8	0	0	0
636811	32	10	5	0	5	5	0	5	0	0	0
636811	33	13	4	0	4	9	0	9	0	0	0
636811	34	15	9	0	9	6	0	6	0	0	0
636811	35	14	7	0	7	7	0	7	0	0	0
636811	36	10	4	0	4	6	0	6	0	0	0
636811	37	9	3	0	3	6	0	6	0	0	0
636811	38	11	5	0	5	6	0	6	0	0	0
636811	39	12	3	0	3	9	0	9	0	0	0
636811	40	10	5	0	5	5	0	5	0	0	0
636811	41	9	3	0	3	6	0	6	0	0	0
636811	42	13	5	0	5	8	0	8	0	0	0
636811	43	12	8	0	8	4	0	4	0	0	0
636811	44	13	4	0	4	9	0	9	0	0	0
636811	45	19	8	0	8	11	0	11	0	0	0
636811	46	17	7	0	7	10	0	10	0	0	0
636811	47	17	5	0	5	12	0	12	0	0	0
636811	48	16	10	0	10	6	0	6	0	0	0
636811	49	13	6	0	6	7	0	7	0	0	0
636811	50	7	4	0	4	3	0	3	0	0	0
636811	51	6	2	0	2	4	0	4	0	0	0
636811	52	14	10	0	10	4	0	4	0	0	0
636811	53	8	4	0	4	4	0	4	0	0	0
636811	54	21	8	0	8	13	0	13	0	0	0
636811	55	11	5	0	5	6	0	6	0	0	0
636811	56	17	5	0	5	12	0	12	0	0	0
636811	57	10	3	0	3	7	0	7	0	0	0
636811	58	13	9	0	9	4	0	4	0	0	0
636811	59	20	10	0	10	10	0	10	0	0	0
636811	60	16	9	0	9	7	0	7	0	0	0
636811	61	15	7	0	7	8	0	8	0	0	0
636811	62	12	9	0	9	3	0	3	0	0	0
636811	63	10	4	0	4	6	0	6	0	0	0
636811	64	16	12	0	12	4	0	4	0	0	0
636811	65	14	5	0	5	9	0	9	0	0	0
636811	66	13	4	0	4	9	0	9	0	0	0
636811	67	14	4	0	4	10	0	10	0	0	0
636811	68	10	3	0	3	7	0	7	0	0	0
636811	69	16	5	0	5	11	0	11	0	0	0
636811	70	3	2	0	2	1	0	1	0	0	0
636811	71	3	1	0	1	2	0	2	0	0	0
636811	72	12	2	0	2	10	0	10	0	0	0
636811	73	11	7	0	7	4	0	4	0	0	0
636811	74	10	6	0	6	4	0	4	0	0	0
636811	75	3	1	0	1	2	0	2	0	0	0
636811	76	9	2	0	2	7	0	7	0	0	0
636811	77	9	6	0	6	3	0	3	0	0	0
636811	78	8	3	0	3	5	0	5	0	0	0
636811	79	6	4	0	4	2	0	2	0	0	0
636811	80	5	1	0	1	4	0	4	0	0	0
636811	81	6	5	0	5	1	0	1	0	0	0
636811	82	6	4	0	4	2	0	2	0	0	0
636811	83	4	2	0	2	2	0	2	0	0	0
636811	84	11	4	0	4	7	0	7	0	0	0
636811	85	4	2	0	2	2	0	2	0	0	0
636811	86	4	0	0	0	4	0	4	0	0	0
636811	87	4	2	0	2	2	0	2	0	0	0
636811	88	6	3	0	3	3	0	3	0	0	0
636811	89	9	4	0	4	5	0	5	0	0	0
636811	90	4	3	0	3	1	0	1	0	0	0
636811	91	6	0	0	0	6	0	6	0	0	0
636811	92	6	3	0	3	3	0	3	0	0	0
636811	93	3	3	0	3	0	0	0	0	0	0
636811	94	6	2	0	2	4	0	4	0	0	0
636811	95	4	2	0	2	2	0	2	0	0	0
636811	96	3	3	0	3	0	0	0	0	0	0
636811	97	7	3	0	3	4	0	4	0	0	0
636811	98	2	1	0	1	1	0	1	0	0	0
636811	99	2	0	0	0	2	0	2	0	0	0
636811	100	1	0	0	0	1	0	1	0	0	0
636811	101	4	2	0	2	2	0	2	0	0	0
636811	102	10	6	0	6	4	0	4	0	0	0
636811	103	0	0	0	0	0	0	0	0	0	0
636811	104	4	2	0	2	2	0	2	0	0	0
636811	105	3	2	0	2	1	0	1	0	0	0
636811	106	6	2	0	2	4	0	4	0	0	0
636811	107	4	1	0	1	3	0	3	0	0	0
636811	108	4	4	0	4	0	0	0	0	0	0
636811	109	3	0	0	0	3	0	3	0	0	0
636811	110	2	1	0	1	1	0	1	0	0	0
636811	111	1	1	0	1	0	0	0	0	0	0
636811	112	0	0	0	0	0	0	0	0	0	0
636811	113	3	3	0	3	0	0	0	0	0	0
636811	114	1	0	0	0	1	0	1	0	0	0
636811	115	5	2	0	2	3	0	3	0	0	0
636811	116	3	2	0	2	1	0	1	0	0	0
636811	117	4	2	0	2	2	0	2	0	0	0
636811	118	1	1	0	1	0	0	0	0	0	0
636811	119	4	2	0	2	2	0	2	0	0	0
636811	120	5	3	0	3	2	0	2	0	0	0
137780	0	0	0	0	0	0	0	0	0	0	0
137780	1	1	1	0	1	0	0	0	0	0	0
137780	2	5	3	0	3	2	0	2	0	0	0
137780	3	3	3	0	3	0	0	0	0	0	0
137780	4	4	3	0	3	1	0	1	0	0	0
137780	5	3	0	0	0	3	0	3	0	0	0
137780	6	1	0	0	0	1	0	1	0	0	0
137780	7	4	3	0	3	1	0	1	0	0	0
137780	8	5	3	0	3	2	0	2	0	0	0
137780	9	3	2	0	2	1	0	1	0	0	0
137780	10	3	2	0	2	1	0	1	0	0	0
137780	11	5	1	0	1	4	0	4	0	0	0
137780	12	6	4	0	4	2	0	2	0	0	0
137780	13	7	3	0	3	4	0	4	0	0	0
137780	14	10	4	0	4	6	0	6	0	0	0
137780	15	4	2	0	2	2	0	2	0	0	0
137780	16	13	5	0	5	8	0	8	0	0	0
137780	17	5	3	0	3	2	0	2	0	0	0
137780	18	7	3	0	3	4	0	4	0	0	0
137780	19	5	2	0	2	3	0	3	0	0	0
137780	20	5	0	0	0	5	0	5	0	0	0
137780	21	7	6	0	6	1	0	1	0	0	0
137780	22	8	6	0	6	2	0	2	0	0	0
137780	23	9	6	0	6	3	0	3	0	0	0
137780	24	11	5	0	5	6	0	6	0	0	0
137780	25	12	6	0	6	6	0	6	0	0	0
137780	26	14	9	0	9	5	0	5	0	0	0
137780	27	17	10	0	10	7	0	7	0	0	0
137780	28	14	5	0	5	9	0	9	0	0	0
137780	29	24	10	0	10	14	0	14	0	0	0
137780	30	20	6	0	6	14	0	14	0	0	0
137780	31	17	10	0	10	7	0	7	0	0	0
137780	32	33	15	0	15	18	0	18	0	0	0
137780	33	22	7	0	7	15	0	15	0	0	0
137780	34	35	17	0	17	18	0	18	0	0	0
137780	35	30	16	0	16	14	0	14	0	0	0
137780	36	19	7	0	7	12	0	12	0	0	0
137780	37	14	4	0	4	10	0	10	0	0	0
137780	38	15	7	0	7	8	0	8	0	0	0
137780	39	18	8	0	8	10	0	10	0	0	0
137780	40	21	9	0	9	12	0	12	0	0	0
137780	41	19	6	0	6	13	0	13	0	0	0
137780	42	16	9	0	9	7	0	7	0	0	0
137780	43	15	5	0	5	10	0	10	0	0	0
137780	44	14	8	0	8	6	0	6	0	0	0
137780	45	24	9	0	9	15	0	15	0	0	0
137780	46	22	12	0	12	10	0	10	0	0	0
137780	47	20	10	0	10	10	0	10	0	0	0
137780	48	13	9	0	9	4	0	4	0	0	0
137780	49	15	7	0	7	8	0	8	0	0	0
137780	50	13	5	0	5	8	0	8	0	0	0
137780	51	8	2	0	2	6	0	6	0	0	0
137780	52	12	5	0	5	7	0	7	0	0	0
137780	53	8	4	0	4	4	0	4	0	0	0
137780	54	16	6	0	6	10	0	10	0	0	0
137780	55	12	6	0	6	6	0	6	0	0	0
137780	56	6	3	0	3	3	0	3	0	0	0
137780	57	8	4	0	4	4	0	4	0	0	0
137780	58	7	3	0	3	4	0	4	0	0	0
137780	59	10	4	0	4	6	0	6	0	0	0
137780	60	11	4	0	4	7	0	7	0	0	0
137780	61	9	8	0	8	1	0	1	0	0	0
137780	62	13	7	0	7	6	0	6	0	0	0
137780	63	17	8	0	8	9	0	9	0	0	0
137780	64	14	5	0	5	9	0	9	0	0	0
137780	65	9	3	0	3	6	0	6	0	0	0
137780	66	7	3	0	3	4	0	4	0	0	0
137780	67	7	4	0	4	3	0	3	0	0	0
137780	68	6	2	0	2	4	0	4	0	0	0
137780	69	13	6	0	6	7	0	7	0	0	0
137780	70	7	1	0	1	6	0	6	0	0	0
137780	71	11	8	0	8	3	0	3	0	0	0
137780	72	8	4	0	4	4	0	4	0	0	0
137780	73	9	4	0	4	5	0	5	0	0	0
137780	74	7	4	0	4	3	0	3	0	0	0
137780	75	9	4	0	4	5	0	5	0	0	0
137780	76	10	8	0	8	2	0	2	0	0	0
137780	77	13	9	0	9	4	0	4	0	0	0
137780	78	8	5	0	5	3	0	3	0	0	0
137780	79	6	4	0	4	2	0	2	0	0	0
137780	80	9	6	0	6	3	0	3	0	0	0
137780	81	9	5	0	5	4	0	4	0	0	0
137780	82	7	6	0	6	1	0	1	0	0	0
137780	83	5	3	0	3	2	0	2	0	0	0
137780	84	1	1	0	1	0	0	0	0	0	0
137780	85	2	1	0	1	1	0	1	0	0	0
137780	86	10	2	0	2	8	0	8	0	0	0
137780	87	5	2	0	2	3	0	3	0	0	0
137780	88	10	8	0	8	2	0	2	0	0	0
137780	89	3	1	0	1	2	0	2	0	0	0
137780	90	3	3	0	3	0	0	0	0	0	0
137780	91	3	3	0	3	0	0	0	0	0	0
137780	92	5	2	0	2	3	0	3	0	0	0
137780	93	4	1	0	1	3	0	3	0	0	0
137780	94	5	3	0	3	2	0	2	0	0	0
137780	95	1	0	0	0	1	0	1	0	0	0
137780	96	3	2	0	2	1	0	1	0	0	0
137780	97	4	0	0	0	4	0	4	0	0	0
137780	98	3	1	0	1	2	0	2	0	0	0
137780	99	0	0	0	0	0	0	0	0	0	0
137780	100	1	0	0	0	1	0	1	0	0	0
137780	101	3	1	0	1	2	0	2	0	0	0
137780	102	2	1	0	1	1	0	1	0	0	0
137780	103	3	0	0	0	3	0	3	0	0	0
137780	104	2	1	0	1	1	0	1	0	0	0
137780	105	1	0	0	0	1	0	1	0	0	0
137780	106	3	2	0	2	1	0	1	0	0	0
137780	107	2	1	0	1	1	0	1	0	0	0
137780	108	5	0	0	0	5	0	5	0	0	0
137780	109	2	1	0	1	1	0	1	0	0	0
137780	110	1	0	0	0	1	0	1	0	0	0
137780	111	4	0	0	0	4	0	4	0	0	0
137780	112	2	1	0	1	1	0	1	0	0	0
137780	113	1	1	0	1	0	0	0	0	0	0
137780	114	2	1	0	1	1	0	1	0	0	0
137780	115	0	0	0	0	0	0	0	0	0	0
137780	116	3	1	0	1	2	0	2	0	0	0
137780	117	2	1	0	1	1	0	1	0	0	0
137780	118	1	0	0	0	1	0	1	0	0	0
137780	119	4	2	0	2	2	0	2	0	0	0
137780	120	2	1	0	1	1	0	1	0	0	0
424128	0	0	0	0	0	0	0	0	0	0	0
424128	1	3	2	0	2	1	0	1	0	0	0
424128	2	0	0	0	0	0	0	0	0	0	0
424128	3	1	0	0	0	1	0	1	0	0	0
424128	4	0	0	0	0	0	0	0	0	0	0
424128	5	0	0	0	0	0	0	0	0	0	0
424128	6	1	0	0	0	1	0	1	0	0	0
424128	7	0	0	0	0	0	0	0	0	0	0
424128	8	1	0	0	0	1	0	1	0	0	0
424128	9	0	0	0	0	0	0	0	0	0	0
424128	10	2	0	0	0	2	0	2	0	0	0
424128	11	1	1	0	1	0	0	0	0	0	0
424128	12	1	1	0	1	0	0	0	0	0	0
424128	13	1	0	0	0	1	0	1	0	0	0
424128	14	0	0	0	0	0	0	0	0	0	0
424128	15	0	0	0	0	0	0	0	0	0	0
424128	16	0	0	0	0	0	0	0	0	0	0
424128	17	0	0	0	0	0	0	0	0	0	0
424128	18	0	0	0	0	0	0	0	0	0	0
424128	19	0	0	0	0	0	0	0	0	0	0
424128	20	1	1	0	1	0	0	0	0	0	0
424128	21	1	0	0	0	1	0	1	0	0	0
424128	22	1	0	0	0	1	0	1	0	0	0
424128	23	0	0	0	0	0	0	0	0	0	0
424128	24	1	1	0	1	0	0	0	0	0	0
424128	25	0	0	0	0	0	0	0	0	0	0
424128	26	3	2	0	2	1	0	1	0	0	0
424128	27	2	2	0	2	0	0	0	0	0	0
424128	28	0	0	0	0	0	0	0	0	0	0
424128	29	0	0	0	0	0	0	0	0	0	0
424128	30	1	1	0	1	0	0	0	0	0	0
424128	31	1	0	0	0	1	0	1	0	0	0
424128	32	3	1	0	1	2	0	2	0	0	0
424128	33	1	0	0	0	1	0	1	0	0	0
424128	34	1	1	0	1	0	0	0	0	0	0
424128	35	4	1	0	1	3	0	3	0	0	0
424128	36	2	1	0	1	1	0	1	0	0	0
424128	37	1	1	0	1	0	0	0	0	0	0
424128	38	1	0	0	0	1	0	1	0	0	0
424128	39	3	2	0	2	1	0	1	0	0	0
424128	40	2	1	0	1	1	0	1	0	0	0
424128	41	2	2	0	2	0	0	0	0	0	0
424128	42	3	1	0	1	2	0	2	0	0	0
424128	43	7	3	0	3	4	0	4	0	0	0
424128	44	10	5	0	5	5	0	5	0	0	0
424128	45	11	5	0	5	6	0	6	0	0	0
424128	46	10	5	0	5	5	0	5	0	0	0
424128	47	10	5	0	5	5	0	5	0	0	0
424128	48	11	4	0	4	7	0	7	0	0	0
424128	49	13	5	0	5	8	0	8	0	0	0
424128	50	13	7	0	7	6	0	6	0	0	0
424128	51	6	3	0	3	3	0	3	0	0	0
424128	52	10	3	0	3	7	0	7	0	0	0
424128	53	12	5	0	5	7	0	7	0	0	0
424128	54	8	3	0	3	5	0	5	0	0	0
424128	55	9	3	0	3	6	0	6	0	0	0
424128	56	9	4	0	4	5	0	5	0	0	0
424128	57	14	10	0	10	4	0	4	0	0	0
424128	58	17	8	0	8	9	0	9	0	0	0
424128	59	30	14	0	14	16	0	16	0	0	0
424128	60	20	8	0	8	12	0	12	0	0	0
424128	61	22	10	0	10	12	0	12	0	0	0
424128	62	21	10	0	10	11	0	11	0	0	0
424128	63	34	14	0	14	20	0	20	0	0	0
424128	64	20	7	0	7	13	0	13	0	0	0
424128	65	16	9	0	9	7	0	7	0	0	0
424128	66	21	11	0	11	10	0	10	0	0	0
424128	67	21	14	0	14	7	0	7	0	0	0
424128	68	15	8	0	8	7	0	7	0	0	0
424128	69	21	8	0	8	13	0	13	0	0	0
424128	70	13	8	0	8	5	0	5	0	0	0
424128	71	21	12	0	12	9	0	9	0	0	0
424128	72	11	4	0	4	7	0	7	0	0	0
424128	73	17	8	0	8	9	0	9	0	0	0
424128	74	11	6	0	6	5	0	5	0	0	0
424128	75	19	13	0	13	6	0	6	0	0	0
424128	76	13	4	0	4	9	0	9	0	0	0
424128	77	19	13	0	13	6	0	6	0	0	0
424128	78	16	8	0	8	8	0	8	0	0	0
424128	79	17	4	0	4	13	0	13	0	0	0
424128	80	12	6	0	6	6	0	6	0	0	0
424128	81	21	9	0	9	12	0	12	0	0	0
424128	82	15	6	0	6	9	0	9	0	0	0
424128	83	10	5	0	5	5	0	5	0	0	0
424128	84	11	7	0	7	4	0	4	0	0	0
424128	85	13	5	0	5	8	0	8	0	0	0
424128	86	6	3	0	3	3	0	3	0	0	0
424128	87	9	4	0	4	5	0	5	0	0	0
424128	88	8	4	0	4	4	0	4	0	0	0
424128	89	13	6	0	6	7	0	7	0	0	0
424128	90	12	5	0	5	7	0	7	0	0	0
424128	91	10	4	0	4	6	0	6	0	0	0
424128	92	18	7	0	7	11	0	11	0	0	0
424128	93	9	4	0	4	5	0	5	0	0	0
424128	94	17	6	0	6	11	0	11	0	0	0
424128	95	11	5	0	5	6	0	6	0	0	0
424128	96	16	11	0	11	5	0	5	0	0	0
424128	97	12	3	0	3	9	0	9	0	0	0
424128	98	12	6	0	6	6	0	6	0	0	0
424128	99	4	3	0	3	1	0	1	0	0	0
424128	100	8	2	0	2	6	0	6	0	0	0
424128	101	3	3	0	3	0	0	0	0	0	0
424128	102	10	4	0	4	6	0	6	0	0	0
424128	103	6	3	0	3	3	0	3	0	0	0
424128	104	6	4	0	4	2	0	2	0	0	0
424128	105	4	2	0	2	2	0	2	0	0	0
424128	106	4	2	0	2	2	0	2	0	0	0
424128	107	9	5	0	5	4	0	4	0	0	0
424128	108	10	7	0	7	3	0	3	0	0	0
424128	109	6	3	0	3	3	0	3	0	0	0
424128	110	8	3	0	3	5	0	5	0	0	0
424128	111	7	4	0	4	3	0	3	0	0	0
424128	112	11	5	0	5	6	0	6	0	0	0
424128	113	13	6	0	6	7	0	7	0	0	0
424128	114	8	3	0	3	5	0	5	0	0	0
424128	115	10	5	0	5	5	0	5	0	0	0
424128	116	8	7	0	7	1	0	1	0	0	0
424128	117	9	6	0	6	3	0	3	0	0	0
424128	118	9	4	0	4	5	0	5	0	0	0
424128	119	6	2	0	2	4	0	4	0	0	0
424128	120	6	2	0	2	4	0	4	0	0	0
418702	0	0	0	0	0	0	0	0	0	0	0
418702	1	3	1	0	1	2	0	2	0	0	0
418702	2	2	1	0	1	1	0	1	0	0	0
418702	3	7	4	0	4	3	0	3	0	0	0
418702	4	4	2	0	2	2	0	2	0	0	0
418702	5	3	3	0	3	0	0	0	0	0	0
418702	6	3	1	0	1	2	0	2	0	0	0
418702	7	4	2	0	2	2	0	2	0	0	0
418702	8	3	1	0	1	2	0	2	0	0	0
418702	9	5	2	0	2	3	0	3	0	0	0
418702	10	4	2	0	2	2	0	2	0	0	0
418702	11	5	2	0	2	3	0	3	0	0	0
418702	12	3	2	0	2	1	0	1	0	0	0
418702	13	7	2	0	2	5	0	5	0	0	0
418702	14	7	5	0	5	2	0	2	0	0	0
418702	15	14	7	0	7	7	0	7	0	0	0
418702	16	9	3	0	3	6	0	6	0	0	0
418702	17	6	4	0	4	2	0	2	0	0	0
418702	18	6	3	0	3	3	0	3	0	0	0
418702	19	3	2	0	2	1	0	1	0	0	0
418702	20	8	3	0	3	5	0	5	0	0	0
418702	21	9	4	0	4	5	0	5	0	0	0
418702	22	8	6	0	6	2	0	2	0	0	0
418702	23	7	3	0	3	4	0	4	0	0	0
418702	24	6	4	0	4	2	0	2	0	0	0
418702	25	3	2	0	2	1	0	1	0	0	0
418702	26	7	3	0	3	4	0	4	0	0	0
418702	27	5	3	0	3	2	0	2	0	0	0
418702	28	2	2	0	2	0	0	0	0	0	0
418702	29	3	3	0	3	0	0	0	0	0	0
418702	30	8	6	0	6	2	0	2	0	0	0
418702	31	16	9	0	9	7	0	7	0	0	0
418702	32	14	8	0	8	6	0	6	0	0	0
418702	33	15	8	0	8	7	0	7	0	0	0
418702	34	16	7	0	7	9	0	9	0	0	0
418702	35	8	5	0	5	3	0	3	0	0	0
418702	36	13	6	0	6	7	0	7	0	0	0
418702	37	8	3	0	3	5	0	5	0	0	0
418702	38	7	4	0	4	3	0	3	0	0	0
418702	39	2	2	0	2	0	0	0	0	0	0
418702	40	11	3	0	3	8	0	8	0	0	0
418702	41	9	6	0	6	3	0	3	0	0	0
418702	42	10	4	0	4	6	0	6	0	0	0
418702	43	14	7	0	7	7	0	7	0	0	0
418702	44	17	8	0	8	9	0	9	0	0	0
418702	45	15	9	0	9	6	0	6	0	0	0
418702	46	17	5	0	5	12	0	12	0	0	0
418702	47	19	9	0	9	10	0	10	0	0	0
418702	48	14	9	0	9	5	0	5	0	0	0
418702	49	16	6	0	6	10	0	10	0	0	0
418702	50	11	6	0	6	5	0	5	0	0	0
418702	51	11	5	0	5	6	0	6	0	0	0
418702	52	14	3	0	3	11	0	11	0	0	0
418702	53	9	2	0	2	7	0	7	0	0	0
418702	54	11	4	0	4	7	0	7	0	0	0
418702	55	9	4	0	4	5	0	5	0	0	0
418702	56	11	4	0	4	7	0	7	0	0	0
418702	57	12	7	0	7	5	0	5	0	0	0
418702	58	13	6	0	6	7	0	7	0	0	0
418702	59	7	4	0	4	3	0	3	0	0	0
418702	60	9	2	0	2	7	0	7	0	0	0
418702	61	4	0	0	0	4	0	4	0	0	0
418702	62	5	1	0	1	4	0	4	0	0	0
418702	63	6	3	0	3	3	0	3	0	0	0
418702	64	9	3	0	3	6	0	6	0	0	0
418702	65	10	3	0	3	7	0	7	0	0	0
418702	66	4	1	0	1	3	0	3	0	0	0
418702	67	5	3	0	3	2	0	2	0	0	0
418702	68	12	3	0	3	9	0	9	0	0	0
418702	69	12	7	0	7	5	0	5	0	0	0
418702	70	13	9	0	9	4	0	4	0	0	0
418702	71	10	5	0	5	5	0	5	0	0	0
418702	72	10	6	0	6	4	0	4	0	0	0
418702	73	6	3	0	3	3	0	3	0	0	0
418702	74	9	5	0	5	4	0	4	0	0	0
418702	75	9	4	0	4	5	0	5	0	0	0
418702	76	8	2	0	2	6	0	6	0	0	0
418702	77	4	1	0	1	3	0	3	0	0	0
418702	78	8	3	0	3	5	0	5	0	0	0
418702	79	6	4	0	4	2	0	2	0	0	0
418702	80	8	5	0	5	3	0	3	0	0	0
418702	81	5	4	0	4	1	0	1	0	0	0
418702	82	6	3	0	3	3	0	3	0	0	0
418702	83	7	6	0	6	1	0	1	0	0	0
418702	84	8	1	0	1	7	0	7	0	0	0
418702	85	7	3	0	3	4	0	4	0	0	0
418702	86	14	6	0	6	8	0	8	0	0	0
418702	87	8	3	0	3	5	0	5	0	0	0
418702	88	12	4	0	4	8	0	8	0	0	0
418702	89	12	6	0	6	6	0	6	0	0	0
418702	90	6	3	0	3	3	0	3	0	0	0
418702	91	13	8	0	8	5	0	5	0	0	0
418702	92	9	2	0	2	7	0	7	0	0	0
418702	93	3	2	0	2	1	0	1	0	0	0
418702	94	13	8	0	8	5	0	5	0	0	0
418702	95	3	1	0	1	2	0	2	0	0	0
418702	96	6	1	0	1	5	0	5	0	0	0
418702	97	4	2	0	2	2	0	2	0	0	0
418702	98	8	2	0	2	6	0	6	0	0	0
418702	99	1	1	0	1	0	0	0	0	0	0
418702	100	8	4	0	4	4	0	4	0	0	0
418702	101	3	2	0	2	1	0	1	0	0	0
418702	102	4	1	0	1	3	0	3	0	0	0
418702	103	1	0	0	0	1	0	1	0	0	0
418702	104	4	3	0	3	1	0	1	0	0	0
418702	105	1	1	0	1	0	0	0	0	0	0
418702	106	3	0	0	0	3	0	3	0	0	0
418702	107	4	3	0	3	1	0	1	0	0	0
418702	108	4	3	0	3	1	0	1	0	0	0
418702	109	4	4	0	4	0	0	0	0	0	0
418702	110	0	0	0	0	0	0	0	0	0	0
418702	111	7	2	0	2	5	0	5	0	0	0
418702	112	2	0	0	0	2	0	2	0	0	0
418702	113	2	2	0	2	0	0	0	0	0	0
418702	114	3	2	0	2	1	0	1	0	0	0
418702	115	2	0	0	0	2	0	2	0	0	0
418702	116	5	2	0	2	3	0	3	0	0	0
418702	117	1	1	0	1	0	0	0	0	0	0
418702	118	3	1	0	1	2	0	2	0	0	0
418702	119	1	0	0	0	1	0	1	0	0	0
418702	120	1	1	0	1	0	0	0	0	0	0
179507	0	0	0	0	0	0	0	0	0	0	0
179507	1	2	1	0	1	1	0	1	0	0	0
179507	2	0	0	0	0	0	0	0	0	0	0
179507	3	2	1	0	1	1	0	1	0	0	0
179507	4	1	1	0	1	0	0	0	0	0	0
179507	5	2	0	0	0	2	0	2	0	0	0
179507	6	3	1	0	1	2	0	2	0	0	0
179507	7	0	0	0	0	0	0	0	0	0	0
179507	8	0	0	0	0	0	0	0	0	0	0
179507	9	0	0	0	0	0	0	0	0	0	0
179507	10	1	1	0	1	0	0	0	0	0	0
179507	11	1	0	0	0	1	0	1	0	0	0
179507	12	1	0	0	0	1	0	1	0	0	0
179507	13	3	2	0	2	1	0	1	0	0	0
179507	14	9	5	0	5	4	0	4	0	0	0
179507	15	7	3	0	3	4	0	4	0	0	0
179507	16	4	3	0	3	1	0	1	0	0	0
179507	17	3	0	0	0	3	0	3	0	0	0
179507	18	1	0	0	0	1	0	1	0	0	0
179507	19	0	0	0	0	0	0	0	0	0	0
179507	20	2	1	0	1	1	0	1	0	0	0
179507	21	3	1	0	1	2	0	2	0	0	0
179507	22	11	7	0	7	4	0	4	0	0	0
179507	23	5	5	0	5	0	0	0	0	0	0
179507	24	9	5	0	5	4	0	4	0	0	0
179507	25	12	9	0	9	3	0	3	0	0	0
179507	26	18	10	0	10	8	0	8	0	0	0
179507	27	12	3	0	3	9	0	9	0	0	0
179507	28	8	2	0	2	6	0	6	0	0	0
179507	29	12	5	0	5	7	0	7	0	0	0
179507	30	8	5	0	5	3	0	3	0	0	0
179507	31	6	3	0	3	3	0	3	0	0	0
179507	32	8	2	0	2	6	0	6	0	0	0
179507	33	6	3	0	3	3	0	3	0	0	0
179507	34	9	3	0	3	6	0	6	0	0	0
179507	35	14	12	0	12	2	0	2	0	0	0
179507	36	13	5	0	5	8	0	8	0	0	0
179507	37	15	5	0	5	10	0	10	0	0	0
179507	38	13	6	0	6	7	0	7	0	0	0
179507	39	21	11	0	11	10	0	10	0	0	0
179507	40	10	6	0	6	4	0	4	0	0	0
179507	41	14	10	0	10	4	0	4	0	0	0
179507	42	11	6	0	6	5	0	5	0	0	0
179507	43	10	6	0	6	4	0	4	0	0	0
179507	44	11	4	0	4	7	0	7	0	0	0
179507	45	16	8	0	8	8	0	8	0	0	0
179507	46	8	4	0	4	4	0	4	0	0	0
179507	47	12	3	0	3	9	0	9	0	0	0
179507	48	12	7	0	7	5	0	5	0	0	0
179507	49	11	8	0	8	3	0	3	0	0	0
179507	50	5	3	0	3	2	0	2	0	0	0
179507	51	9	3	0	3	6	0	6	0	0	0
179507	52	12	8	0	8	4	0	4	0	0	0
179507	53	14	7	0	7	7	0	7	0	0	0
179507	54	7	5	0	5	2	0	2	0	0	0
179507	55	15	8	0	8	7	0	7	0	0	0
179507	56	15	7	0	7	8	0	8	0	0	0
179507	57	18	8	0	8	10	0	10	0	0	0
179507	58	22	11	0	11	11	0	11	0	0	0
179507	59	7	4	0	4	3	0	3	0	0	0
179507	60	8	3	0	3	5	0	5	0	0	0
179507	61	6	2	0	2	4	0	4	0	0	0
179507	62	14	5	0	5	9	0	9	0	0	0
179507	63	15	8	0	8	7	0	7	0	0	0
179507	64	12	6	0	6	6	0	6	0	0	0
179507	65	11	8	0	8	3	0	3	0	0	0
179507	66	12	6	0	6	6	0	6	0	0	0
179507	67	10	5	0	5	5	0	5	0	0	0
179507	68	18	13	0	13	5	0	5	0	0	0
179507	69	12	2	0	2	10	0	10	0	0	0
179507	70	9	5	0	5	4	0	4	0	0	0
179507	71	12	6	0	6	6	0	6	0	0	0
179507	72	16	6	0	6	10	0	10	0	0	0
179507	73	11	4	0	4	7	0	7	0	0	0
179507	74	9	3	0	3	6	0	6	0	0	0
179507	75	15	5	0	5	10	0	10	0	0	0
179507	76	11	2	0	2	9	0	9	0	0	0
179507	77	8	4	0	4	4	0	4	0	0	0
179507	78	11	7	0	7	4	0	4	0	0	0
179507	79	9	4	0	4	5	0	5	0	0	0
179507	80	15	8	0	8	7	0	7	0	0	0
179507	81	9	7	0	7	2	0	2	0	0	0
179507	82	11	8	0	8	3	0	3	0	0	0
179507	83	7	5	0	5	2	0	2	0	0	0
179507	84	8	3	0	3	5	0	5	0	0	0
179507	85	8	1	0	1	7	0	7	0	0	0
179507	86	5	3	0	3	2	0	2	0	0	0
179507	87	3	0	0	0	3	0	3	0	0	0
179507	88	6	1	0	1	5	0	5	0	0	0
179507	89	11	6	0	6	5	0	5	0	0	0
179507	90	9	5	0	5	4	0	4	0	0	0
179507	91	7	4	0	4	3	0	3	0	0	0
179507	92	5	2	0	2	3	0	3	0	0	0
179507	93	6	3	0	3	3	0	3	0	0	0
179507	94	4	0	0	0	4	0	4	0	0	0
179507	95	2	1	0	1	1	0	1	0	0	0
179507	96	9	5	0	5	4	0	4	0	0	0
179507	97	5	2	0	2	3	0	3	0	0	0
179507	98	8	5	0	5	3	0	3	0	0	0
179507	99	5	1	0	1	4	0	4	0	0	0
179507	100	3	1	0	1	2	0	2	0	0	0
179507	101	4	3	0	3	1	0	1	0	0	0
179507	102	4	1	0	1	3	0	3	0	0	0
179507	103	2	1	0	1	1	0	1	0	0	0
179507	104	2	1	0	1	1	0	1	0	0	0
179507	105	2	0	0	0	2	0	2	0	0	0
179507	106	2	1	0	1	1	0	1	0	0	0
179507	107	8	1	0	1	7	0	7	0	0	0
179507	108	3	1	0	1	2	0	2	0	0	0
179507	109	2	1	0	1	1	0	1	0	0	0
179507	110	3	0	0	0	3	0	3	0	0	0
179507	111	3	2	0	2	1	0	1	0	0	0
179507	112	5	2	0	2	3	0	3	0	0	0
179507	113	1	1	0	1	0	0	0	0	0	0
179507	114	3	1	0	1	2	0	2	0	0	0
179507	115	6	3	0	3	3	0	3	0	0	0
179507	116	0	0	0	0	0	0	0	0	0	0
179507	117	6	3	0	3	3	0	3	0	0	0
179507	118	1	0	0	0	1	0	1	0	0	0
179507	119	3	0	0	0	3	0	3	0	0	0
179507	120	3	0	0	0	3	0	3	0	0	0
530383	0	0	0	0	0	0	0	0	0	0	0
530383	1	2	2	0	2	0	0	0	0	0	0
530383	2	7	5	0	5	2	0	2	0	0	0
530383	3	5	2	0	2	3	0	3	0	0	0
530383	4	7	3	0	3	4	0	4	0	0	0
530383	5	2	1	0	1	1	0	1	0	0	0
530383	6	1	0	0	0	1	0	1	0	0	0
530383	7	3	1	0	1	2	0	2	0	0	0
530383	8	3	1	0	1	2	0	2	0	0	0
530383	9	3	1	0	1	2	0	2	0	0	0
530383	10	7	4	0	4	3	0	3	0	0	0
530383	11	1	0	0	0	1	0	1	0	0	0
530383	12	4	2	0	2	2	0	2	0	0	0
530383	13	7	3	0	3	4	0	4	0	0	0
530383	14	8	5	0	5	3	0	3	0	0	0
530383	15	4	2	0	2	2	0	2	0	0	0
530383	16	4	1	0	1	3	0	3	0	0	0
530383	17	3	2	0	2	1	0	1	0	0	0
530383	18	4	2	0	2	2	0	2	0	0	0
530383	19	1	1	0	1	0	0	0	0	0	0
530383	20	4	3	0	3	1	0	1	0	0	0
530383	21	2	1	0	1	1	0	1	0	0	0
530383	22	8	2	0	2	6	0	6	0	0	0
530383	23	4	2	0	2	2	0	2	0	0	0
530383	24	6	1	0	1	5	0	5	0	0	0
530383	25	7	3	0	3	4	0	4	0	0	0
530383	26	4	2	0	2	2	0	2	0	0	0
530383	27	3	1	0	1	2	0	2	0	0	0
530383	28	3	1	0	1	2	0	2	0	0	0
530383	29	6	2	0	2	4	0	4	0	0	0
530383	30	6	3	0	3	3	0	3	0	0	0
530383	31	8	3	0	3	5	0	5	0	0	0
530383	32	13	5	0	5	8	0	8	0	0	0
530383	33	12	3	0	3	9	0	9	0	0	0
530383	34	12	7	0	7	5	0	5	0	0	0
530383	35	6	3	0	3	3	0	3	0	0	0
530383	36	13	8	0	8	5	0	5	0	0	0
530383	37	17	4	0	4	13	0	13	0	0	0
530383	38	19	8	0	8	11	0	11	0	0	0
530383	39	17	10	0	10	7	0	7	0	0	0
530383	40	12	5	0	5	7	0	7	0	0	0
530383	41	18	8	0	8	10	0	10	0	0	0
530383	42	17	8	0	8	9	0	9	0	0	0
530383	43	15	7	0	7	8	0	8	0	0	0
530383	44	25	17	0	17	8	0	8	0	0	0
530383	45	16	6	0	6	10	0	10	0	0	0
530383	46	14	9	0	9	5	0	5	0	0	0
530383	47	12	5	0	5	7	0	7	0	0	0
530383	48	13	6	0	6	7	0	7	0	0	0
530383	49	18	9	0	9	9	0	9	0	0	0
530383	50	16	8	0	8	8	0	8	0	0	0
530383	51	15	6	0	6	9	0	9	0	0	0
530383	52	15	7	0	7	8	0	8	0	0	0
530383	53	14	5	0	5	9	0	9	0	0	0
530383	54	12	4	0	4	8	0	8	0	0	0
530383	55	10	6	0	6	4	0	4	0	0	0
530383	56	13	4	0	4	9	0	9	0	0	0
530383	57	11	6	0	6	5	0	5	0	0	0
530383	58	10	6	0	6	4	0	4	0	0	0
530383	59	16	2	0	2	14	0	14	0	0	0
530383	60	7	4	0	4	3	0	3	0	0	0
530383	61	9	5	0	5	4	0	4	0	0	0
530383	62	15	5	0	5	10	0	10	0	0	0
530383	63	12	5	0	5	7	0	7	0	0	0
530383	64	7	2	0	2	5	0	5	0	0	0
530383	65	9	5	0	5	4	0	4	0	0	0
530383	66	5	1	0	1	4	0	4	0	0	0
530383	67	18	5	0	5	13	0	13	0	0	0
530383	68	10	5	0	5	5	0	5	0	0	0
530383	69	17	10	0	10	7	0	7	0	0	0
530383	70	18	7	0	7	11	0	11	0	0	0
530383	71	16	7	0	7	9	0	9	0	0	0
530383	72	8	2	0	2	6	0	6	0	0	0
530383	73	12	7	0	7	5	0	5	0	0	0
530383	74	11	2	0	2	9	0	9	0	0	0
530383	75	8	4	0	4	4	0	4	0	0	0
530383	76	14	5	0	5	9	0	9	0	0	0
530383	77	8	5	0	5	3	0	3	0	0	0
530383	78	12	5	0	5	7	0	7	0	0	0
530383	79	11	6	0	6	5	0	5	0	0	0
530383	80	8	4	0	4	4	0	4	0	0	0
530383	81	4	1	0	1	3	0	3	0	0	0
530383	82	13	5	0	5	8	0	8	0	0	0
530383	83	6	4	0	4	2	0	2	0	0	0
530383	84	9	3	0	3	6	0	6	0	0	0
530383	85	5	2	0	2	3	0	3	0	0	0
530383	86	14	5	0	5	9	0	9	0	0	0
530383	87	9	6	0	6	3	0	3	0	0	0
530383	88	6	3	0	3	3	0	3	0	0	0
530383	89	19	9	0	9	10	0	10	0	0	0
530383	90	9	1	0	1	8	0	8	0	0	0
530383	91	10	3	0	3	7	0	7	0	0	0
530383	92	14	9	0	9	5	0	5	0	0	0
530383	93	4	2	0	2	2	0	2	0	0	0
530383	94	5	4	0	4	1	0	1	0	0	0
530383	95	2	0	0	0	2	0	2	0	0	0
530383	96	4	2	0	2	2	0	2	0	0	0
530383	97	6	3	0	3	3	0	3	0	0	0
530383	98	6	2	0	2	4	0	4	0	0	0
530383	99	7	4	0	4	3	0	3	0	0	0
530383	100	10	6	0	6	4	0	4	0	0	0
530383	101	5	3	0	3	2	0	2	0	0	0
530383	102	5	1	0	1	4	0	4	0	0	0
530383	103	4	3	0	3	1	0	1	0	0	0
530383	104	3	1	0	1	2	0	2	0	0	0
530383	105	2	2	0	2	0	0	0	0	0	0
530383	106	5	2	0	2	3	0	3	0	0	0
530383	107	2	1	0	1	1	0	1	0	0	0
530383	108	4	1	0	1	3	0	3	0	0	0
530383	109	4	0	0	0	4	0	4	0	0	0
530383	110	6	3	0	3	3	0	3	0	0	0
530383	111	4	1	0	1	3	0	3	0	0	0
530383	112	5	4	0	4	1	0	1	0	0	0
530383	113	2	0	0	0	2	0	2	0	0	0
530383	114	2	1	0	1	1	0	1	0	0	0
530383	115	3	3	0	3	0	0	0	0	0	0
530383	116	2	0	0	0	2	0	2	0	0	0
530383	117	4	2	0	2	2	0	2	0	0	0
530383	118	4	4	0	4	0	0	0	0	0	0
530383	119	4	2	0	2	2	0	2	0	0	0
530383	120	4	2	0	2	2	0	2	0	0	0
362116	0	0	0	0	0	0	0	0	0	0	0
362116	1	2	0	0	0	2	0	2	0	0	0
362116	2	4	1	0	1	3	0	3	0	0	0
362116	3	2	2	0	2	0	0	0	0	0	0
362116	4	4	1	0	1	3	0	3	0	0	0
362116	5	8	5	0	5	3	0	3	0	0	0
362116	6	8	3	0	3	5	0	5	0	0	0
362116	7	6	4	0	4	2	0	2	0	0	0
362116	8	3	1	0	1	2	0	2	0	0	0
362116	9	4	1	0	1	3	0	3	0	0	0
362116	10	6	4	0	4	2	0	2	0	0	0
362116	11	9	3	0	3	6	0	6	0	0	0
362116	12	10	6	0	6	4	0	4	0	0	0
362116	13	5	4	0	4	1	0	1	0	0	0
362116	14	5	4	0	4	1	0	1	0	0	0
362116	15	5	2	0	2	3	0	3	0	0	0
362116	16	13	7	0	7	6	0	6	0	0	0
362116	17	9	4	0	4	5	0	5	0	0	0
362116	18	20	10	0	10	10	0	10	0	0	0
362116	19	11	7	0	7	4	0	4	0	0	0
362116	20	20	12	0	12	8	0	8	0	0	0
362116	21	17	8	0	8	9	0	9	0	0	0
362116	22	13	5	0	5	8	0	8	0	0	0
362116	23	11	7	0	7	4	0	4	0	0	0
362116	24	14	6	0	6	8	0	8	0	0	0
362116	25	10	5	0	5	5	0	5	0	0	0
362116	26	11	6	0	6	5	0	5	0	0	0
362116	27	12	5	0	5	7	0	7	0	0	0
362116	28	13	4	0	4	9	0	9	0	0	0
362116	29	13	6	0	6	7	0	7	0	0	0
362116	30	10	6	0	6	4	0	4	0	0	0
362116	31	10	4	0	4	6	0	6	0	0	0
362116	32	9	7	0	7	2	0	2	0	0	0
362116	33	6	3	0	3	3	0	3	0	0	0
362116	34	12	9	0	9	3	0	3	0	0	0
362116	35	15	9	0	9	6	0	6	0	0	0
362116	36	10	6	0	6	4	0	4	0	0	0
362116	37	19	5	0	5	14	0	14	0	0	0
362116	38	5	1	0	1	4	0	4	0	0	0
362116	39	13	5	0	5	8	0	8	0	0	0
362116	40	12	8	0	8	4	0	4	0	0	0
362116	41	13	9	0	9	4	0	4	0	0	0
362116	42	12	7	0	7	5	0	5	0	0	0
362116	43	14	6	0	6	8	0	8	0	0	0
362116	44	5	0	0	0	5	0	5	0	0	0
362116	45	7	4	0	4	3	0	3	0	0	0
362116	46	9	4	0	4	5	0	5	0	0	0
362116	47	11	6	0	6	5	0	5	0	0	0
362116	48	18	5	0	5	13	0	13	0	0	0
362116	49	8	2	0	2	6	0	6	0	0	0
362116	50	16	5	0	5	11	0	11	0	0	0
362116	51	12	7	0	7	5	0	5	0	0	0
362116	52	19	6	0	6	13	0	13	0	0	0
362116	53	13	3	0	3	10	0	10	0	0	0
362116	54	16	8	0	8	8	0	8	0	0	0
362116	55	9	5	0	5	4	0	4	0	0	0
362116	56	10	6	0	6	4	0	4	0	0	0
362116	57	11	3	0	3	8	0	8	0	0	0
362116	58	3	3	0	3	0	0	0	0	0	0
362116	59	12	3	0	3	9	0	9	0	0	0
362116	60	3	1	0	1	2	0	2	0	0	0
362116	61	11	6	0	6	5	0	5	0	0	0
362116	62	10	8	0	8	2	0	2	0	0	0
362116	63	5	4	0	4	1	0	1	0	0	0
362116	64	8	6	0	6	2	0	2	0	0	0
362116	65	6	2	0	2	4	0	4	0	0	0
362116	66	4	1	0	1	3	0	3	0	0	0
362116	67	11	3	0	3	8	0	8	0	0	0
362116	68	10	5	0	5	5	0	5	0	0	0
362116	69	13	7	0	7	6	0	6	0	0	0
362116	70	10	7	0	7	3	0	3	0	0	0
362116	71	13	10	0	10	3	0	3	0	0	0
362116	72	18	12	0	12	6	0	6	0	0	0
362116	73	11	7	0	7	4	0	4	0	0	0
362116	74	5	3	0	3	2	0	2	0	0	0
362116	75	6	1	0	1	5	0	5	0	0	0
362116	76	16	9	0	9	7	0	7	0	0	0
362116	77	9	6	0	6	3	0	3	0	0	0
362116	78	13	5	0	5	8	0	8	0	0	0
362116	79	0	0	0	0	0	0	0	0	0	0
362116	80	3	2	0	2	1	0	1	0	0	0
362116	81	3	1	0	1	2	0	2	0	0	0
362116	82	10	6	0	6	4	0	4	0	0	0
362116	83	8	5	0	5	3	0	3	0	0	0
362116	84	8	4	0	4	4	0	4	0	0	0
362116	85	2	1	0	1	1	0	1	0	0	0
362116	86	6	4	0	4	2	0	2	0	0	0
362116	87	4	3	0	3	1	0	1	0	0	0
362116	88	3	0	0	0	3	0	3	0	0	0
362116	89	5	3	0	3	2	0	2	0	0	0
362116	90	4	3	0	3	1	0	1	0	0	0
362116	91	7	3	0	3	4	0	4	0	0	0
362116	92	8	3	0	3	5	0	5	0	0	0
362116	93	6	1	0	1	5	0	5	0	0	0
362116	94	2	1	0	1	1	0	1	0	0	0
362116	95	8	5	0	5	3	0	3	0	0	0
362116	96	5	1	0	1	4	0	4	0	0	0
362116	97	7	4	0	4	3	0	3	0	0	0
362116	98	4	1	0	1	3	0	3	0	0	0
362116	99	3	1	0	1	2	0	2	0	0	0
362116	100	3	1	0	1	2	0	2	0	0	0
362116	101	3	1	0	1	2	0	2	0	0	0
362116	102	4	0	0	0	4	0	4	0	0	0
362116	103	4	0	0	0	4	0	4	0	0	0
362116	104	6	4	0	4	2	0	2	0	0	0
362116	105	7	4	0	4	3	0	3	0	0	0
362116	106	5	4	0	4	1	0	1	0	0	0
362116	107	6	3	0	3	3	0	3	0	0	0
362116	108	4	1	0	1	3	0	3	0	0	0
362116	109	4	2	0	2	2	0	2	0	0	0
362116	110	3	1	0	1	2	0	2	0	0	0
362116	111	4	3	0	3	1	0	1	0	0	0
362116	112	5	1	0	1	4	0	4	0	0	0
362116	113	2	2	0	2	0	0	0	0	0	0
362116	114	5	3	0	3	2	0	2	0	0	0
362116	115	4	3	0	3	1	0	1	0	0	0
362116	116	5	1	0	1	4	0	4	0	0	0
362116	117	2	1	0	1	1	0	1	0	0	0
362116	118	5	2	0	2	3	0	3	0	0	0
362116	119	1	0	0	0	1	0	1	0	0	0
362116	120	2	1	0	1	1	0	1	0	0	0
327763	0	0	0	0	0	0	0	0	0	0	0
327763	1	2	1	0	1	1	0	1	0	0	0
327763	2	1	1	0	1	0	0	0	0	0	0
327763	3	2	1	0	1	1	0	1	0	0	0
327763	4	1	1	0	1	0	0	0	0	0	0
327763	5	1	0	0	0	1	0	1	0	0	0
327763	6	0	0	0	0	0	0	0	0	0	0
327763	7	0	0	0	0	0	0	0	0	0	0
327763	8	0	0	0	0	0	0	0	0	0	0
327763	9	0	0	0	0	0	0	0	0	0	0
327763	10	0	0	0	0	0	0	0	0	0	0
327763	11	1	0	0	0	1	0	1	0	0	0
327763	12	1	0	0	0	1	0	1	0	0	0
327763	13	1	0	0	0	1	0	1	0	0	0
327763	14	2	0	0	0	2	0	2	0	0	0
327763	15	0	0	0	0	0	0	0	0	0	0
327763	16	1	0	0	0	1	0	1	0	0	0
327763	17	1	0	0	0	1	0	1	0	0	0
327763	18	3	1	0	1	2	0	2	0	0	0
327763	19	1	0	0	0	1	0	1	0	0	0
327763	20	2	0	0	0	2	0	2	0	0	0
327763	21	1	0	0	0	1	0	1	0	0	0
327763	22	2	1	0	1	1	0	1	0	0	0
327763	23	0	0	0	0	0	0	0	0	0	0
327763	24	1	1	0	1	0	0	0	0	0	0
327763	25	2	0	0	0	2	0	2	0	0	0
327763	26	0	0	0	0	0	0	0	0	0	0
327763	27	0	0	0	0	0	0	0	0	0	0
327763	28	1	1	0	1	0	0	0	0	0	0
327763	29	0	0	0	0	0	0	0	0	0	0
327763	30	2	2	0	2	0	0	0	0	0	0
327763	31	2	2	0	2	0	0	0	0	0	0
327763	32	1	0	0	0	1	0	1	0	0	0
327763	33	1	1	0	1	0	0	0	0	0	0
327763	34	0	0	0	0	0	0	0	0	0	0
327763	35	3	2	0	2	1	0	1	0	0	0
327763	36	0	0	0	0	0	0	0	0	0	0
327763	37	2	0	0	0	2	0	2	0	0	0
327763	38	0	0	0	0	0	0	0	0	0	0
327763	39	0	0	0	0	0	0	0	0	0	0
327763	40	0	0	0	0	0	0	0	0	0	0
327763	41	1	0	0	0	1	0	1	0	0	0
327763	42	2	1	0	1	1	0	1	0	0	0
327763	43	0	0	0	0	0	0	0	0	0	0
327763	44	1	0	0	0	1	0	1	0	0	0
327763	45	0	0	0	0	0	0	0	0	0	0
327763	46	2	2	0	2	0	0	0	0	0	0
327763	47	2	0	0	0	2	0	2	0	0	0
327763	48	1	0	0	0	1	0	1	0	0	0
327763	49	1	1	0	1	0	0	0	0	0	0
327763	50	0	0	0	0	0	0	0	0	0	0
327763	51	1	0	0	0	1	0	1	0	0	0
327763	52	0	0	0	0	0	0	0	0	0	0
327763	53	0	0	0	0	0	0	0	0	0	0
327763	54	2	1	0	1	1	0	1	0	0	0
327763	55	0	0	0	0	0	0	0	0	0	0
327763	56	0	0	0	0	0	0	0	0	0	0
327763	57	2	0	0	0	2	0	2	0	0	0
327763	58	1	1	0	1	0	0	0	0	0	0
327763	59	0	0	0	0	0	0	0	0	0	0
327763	60	1	0	0	0	1	0	1	0	0	0
327763	61	0	0	0	0	0	0	0	0	0	0
327763	62	0	0	0	0	0	0	0	0	0	0
327763	63	0	0	0	0	0	0	0	0	0	0
327763	64	0	0	0	0	0	0	0	0	0	0
327763	65	1	1	0	1	0	0	0	0	0	0
327763	66	2	2	0	2	0	0	0	0	0	0
327763	67	2	1	0	1	1	0	1	0	0	0
327763	68	0	0	0	0	0	0	0	0	0	0
327763	69	0	0	0	0	0	0	0	0	0	0
327763	70	0	0	0	0	0	0	0	0	0	0
327763	71	1	0	0	0	1	0	1	0	0	0
327763	72	0	0	0	0	0	0	0	0	0	0
327763	73	2	0	0	0	2	0	2	0	0	0
327763	74	2	1	0	1	1	0	1	0	0	0
327763	75	0	0	0	0	0	0	0	0	0	0
327763	76	1	0	0	0	1	0	1	0	0	0
327763	77	0	0	0	0	0	0	0	0	0	0
327763	78	1	0	0	0	1	0	1	0	0	0
327763	79	1	1	0	1	0	0	0	0	0	0
327763	80	1	0	0	0	1	0	1	0	0	0
327763	81	1	0	0	0	1	0	1	0	0	0
327763	82	0	0	0	0	0	0	0	0	0	0
327763	83	0	0	0	0	0	0	0	0	0	0
327763	84	0	0	0	0	0	0	0	0	0	0
327763	85	0	0	0	0	0	0	0	0	0	0
327763	86	0	0	0	0	0	0	0	0	0	0
327763	87	5	3	0	3	2	0	2	0	0	0
327763	88	2	1	0	1	1	0	1	0	0	0
327763	89	6	1	0	1	5	0	5	0	0	0
327763	90	1	1	0	1	0	0	0	0	0	0
327763	91	1	1	0	1	0	0	0	0	0	0
327763	92	1	0	0	0	1	0	1	0	0	0
327763	93	1	1	0	1	0	0	0	0	0	0
327763	94	0	0	0	0	0	0	0	0	0	0
327763	95	0	0	0	0	0	0	0	0	0	0
327763	96	0	0	0	0	0	0	0	0	0	0
327763	97	1	0	0	0	1	0	1	0	0	0
327763	98	0	0	0	0	0	0	0	0	0	0
327763	99	0	0	0	0	0	0	0	0	0	0
327763	100	1	0	0	0	1	0	1	0	0	0
327763	101	1	0	0	0	1	0	1	0	0	0
327763	102	3	2	0	2	1	0	1	0	0	0
327763	103	1	0	0	0	1	0	1	0	0	0
327763	104	1	1	0	1	0	0	0	0	0	0
327763	105	1	0	0	0	1	0	1	0	0	0
327763	106	1	1	0	1	0	0	0	0	0	0
327763	107	0	0	0	0	0	0	0	0	0	0
327763	108	3	3	0	3	0	0	0	0	0	0
327763	109	6	5	0	5	1	0	1	0	0	0
327763	110	4	3	0	3	1	0	1	0	0	0
327763	111	2	1	0	1	1	0	1	0	0	0
327763	112	1	0	0	0	1	0	1	0	0	0
327763	113	6	3	0	3	3	0	3	0	0	0
327763	114	4	2	0	2	2	0	2	0	0	0
327763	115	1	1	0	1	0	0	0	0	0	0
327763	116	6	3	0	3	3	0	3	0	0	0
327763	117	2	2	0	2	0	0	0	0	0	0
327763	118	5	4	0	4	1	0	1	0	0	0
327763	119	5	0	0	0	5	0	5	0	0	0
327763	120	9	5	0	5	4	0	4	0	0	0
721349	0	0	0	0	0	0	0	0	0	0	0
721349	1	2	1	0	1	1	0	1	0	0	0
721349	2	2	1	0	1	1	0	1	0	0	0
721349	3	2	1	0	1	1	0	1	0	0	0
721349	4	1	1	0	1	0	0	0	0	0	0
721349	5	1	0	0	0	1	0	1	0	0	0
721349	6	1	0	0	0	1	0	1	0	0	0
721349	7	1	1	0	1	0	0	0	0	0	0
721349	8	0	0	0	0	0	0	0	0	0	0
721349	9	0	0	0	0	0	0	0	0	0	0
721349	10	0	0	0	0	0	0	0	0	0	0
721349	11	1	0	0	0	1	0	1	0	0	0
721349	12	1	1	0	1	0	0	0	0	0	0
721349	13	0	0	0	0	0	0	0	0	0	0
721349	14	1	1	0	1	0	0	0	0	0	0
721349	15	0	0	0	0	0	0	0	0	0	0
721349	16	0	0	0	0	0	0	0	0	0	0
721349	17	1	0	0	0	1	0	1	0	0	0
721349	18	1	1	0	1	0	0	0	0	0	0
721349	19	2	1	0	1	1	0	1	0	0	0
721349	20	2	2	0	2	0	0	0	0	0	0
721349	21	0	0	0	0	0	0	0	0	0	0
721349	22	1	0	0	0	1	0	1	0	0	0
721349	23	1	1	0	1	0	0	0	0	0	0
721349	24	0	0	0	0	0	0	0	0	0	0
721349	25	0	0	0	0	0	0	0	0	0	0
721349	26	0	0	0	0	0	0	0	0	0	0
721349	27	0	0	0	0	0	0	0	0	0	0
721349	28	0	0	0	0	0	0	0	0	0	0
721349	29	0	0	0	0	0	0	0	0	0	0
721349	30	1	1	0	1	0	0	0	0	0	0
721349	31	0	0	0	0	0	0	0	0	0	0
721349	32	0	0	0	0	0	0	0	0	0	0
721349	33	0	0	0	0	0	0	0	0	0	0
721349	34	0	0	0	0	0	0	0	0	0	0
721349	35	2	1	0	1	1	0	1	0	0	0
721349	36	1	0	0	0	1	0	1	0	0	0
721349	37	2	0	0	0	2	0	2	0	0	0
721349	38	4	2	0	2	2	0	2	0	0	0
721349	39	0	0	0	0	0	0	0	0	0	0
721349	40	1	0	0	0	1	0	1	0	0	0
721349	41	1	0	0	0	1	0	1	0	0	0
721349	42	0	0	0	0	0	0	0	0	0	0
721349	43	1	0	0	0	1	0	1	0	0	0
721349	44	2	0	0	0	2	0	2	0	0	0
721349	45	2	1	0	1	1	0	1	0	0	0
721349	46	0	0	0	0	0	0	0	0	0	0
721349	47	0	0	0	0	0	0	0	0	0	0
721349	48	1	0	0	0	1	0	1	0	0	0
721349	49	2	0	0	0	2	0	2	0	0	0
721349	50	2	2	0	2	0	0	0	0	0	0
721349	51	5	3	0	3	2	0	2	0	0	0
721349	52	6	2	0	2	4	0	4	0	0	0
721349	53	3	1	0	1	2	0	2	0	0	0
721349	54	5	2	0	2	3	0	3	0	0	0
721349	55	3	3	0	3	0	0	0	0	0	0
721349	56	8	3	0	3	5	0	5	0	0	0
721349	57	9	4	0	4	5	0	5	0	0	0
721349	58	7	3	0	3	4	0	4	0	0	0
721349	59	15	6	0	6	9	0	9	0	0	0
721349	60	12	5	0	5	7	0	7	0	0	0
721349	61	13	9	0	9	4	0	4	0	0	0
721349	62	17	6	0	6	11	0	11	0	0	0
721349	63	11	5	0	5	6	0	6	0	0	0
721349	64	9	6	0	6	3	0	3	0	0	0
721349	65	17	10	0	10	7	0	7	0	0	0
721349	66	6	2	0	2	4	0	4	0	0	0
721349	67	11	5	0	5	6	0	6	0	0	0
721349	68	11	5	0	5	6	0	6	0	0	0
721349	69	10	7	0	7	3	0	3	0	0	0
721349	70	14	10	0	10	4	0	4	0	0	0
721349	71	11	4	0	4	7	0	7	0	0	0
721349	72	12	3	0	3	9	0	9	0	0	0
721349	73	8	5	0	5	3	0	3	0	0	0
721349	74	7	4	0	4	3	0	3	0	0	0
721349	75	10	6	0	6	4	0	4	0	0	0
721349	76	5	3	0	3	2	0	2	0	0	0
721349	77	8	7	0	7	1	0	1	0	0	0
721349	78	9	5	0	5	4	0	4	0	0	0
721349	79	10	6	0	6	4	0	4	0	0	0
721349	80	9	8	0	8	1	0	1	0	0	0
721349	81	7	3	0	3	4	0	4	0	0	0
721349	82	11	6	0	6	5	0	5	0	0	0
721349	83	9	3	0	3	6	0	6	0	0	0
721349	84	8	1	0	1	7	0	7	0	0	0
721349	85	11	6	0	6	5	0	5	0	0	0
721349	86	12	6	0	6	6	0	6	0	0	0
721349	87	14	7	0	7	7	0	7	0	0	0
721349	88	12	7	0	7	5	0	5	0	0	0
721349	89	10	7	0	7	3	0	3	0	0	0
721349	90	5	2	0	2	3	0	3	0	0	0
721349	91	10	7	0	7	3	0	3	0	0	0
721349	92	8	2	0	2	6	0	6	0	0	0
721349	93	7	5	0	5	2	0	2	0	0	0
721349	94	10	8	0	8	2	0	2	0	0	0
721349	95	12	6	0	6	6	0	6	0	0	0
721349	96	6	3	0	3	3	0	3	0	0	0
721349	97	10	4	0	4	6	0	6	0	0	0
721349	98	3	1	0	1	2	0	2	0	0	0
721349	99	13	8	0	8	5	0	5	0	0	0
721349	100	11	6	0	6	5	0	5	0	0	0
721349	101	14	6	0	6	8	0	8	0	0	0
721349	102	12	7	0	7	5	0	5	0	0	0
721349	103	8	1	0	1	7	0	7	0	0	0
721349	104	10	5	0	5	5	0	5	0	0	0
721349	105	10	6	0	6	4	0	4	0	0	0
721349	106	7	3	0	3	4	0	4	0	0	0
721349	107	10	4	0	4	6	0	6	0	0	0
721349	108	8	3	0	3	5	0	5	0	0	0
721349	109	11	4	0	4	7	0	7	0	0	0
721349	110	13	7	0	7	6	0	6	0	0	0
721349	111	5	3	0	3	2	0	2	0	0	0
721349	112	10	7	0	7	3	0	3	0	0	0
721349	113	5	3	0	3	2	0	2	0	0	0
721349	114	5	5	0	5	0	0	0	0	0	0
721349	115	8	5	0	5	3	0	3	0	0	0
721349	116	4	1	0	1	3	0	3	0	0	0
721349	117	5	2	0	2	3	0	3	0	0	0
721349	118	7	6	0	6	1	0	1	0	0	0
721349	119	6	1	0	1	5	0	5	0	0	0
721349	120	5	3	0	3	2	0	2	0	0	0
426182	0	0	0	0	0	0	0	0	0	0	0
426182	1	2	0	0	0	2	0	2	0	0	0
426182	2	4	2	0	2	2	0	2	0	0	0
426182	3	1	0	0	0	1	0	1	0	0	0
426182	4	5	0	0	0	5	0	5	0	0	0
426182	5	4	3	0	3	1	0	1	0	0	0
426182	6	7	4	0	4	3	0	3	0	0	0
426182	7	2	1	0	1	1	0	1	0	0	0
426182	8	3	1	0	1	2	0	2	0	0	0
426182	9	7	5	0	5	2	0	2	0	0	0
426182	10	6	2	0	2	4	0	4	0	0	0
426182	11	6	2	0	2	4	0	4	0	0	0
426182	12	5	2	0	2	3	0	3	0	0	0
426182	13	10	3	0	3	7	0	7	0	0	0
426182	14	8	3	0	3	5	0	5	0	0	0
426182	15	11	4	0	4	7	0	7	0	0	0
426182	16	8	4	0	4	4	0	4	0	0	0
426182	17	5	1	0	1	4	0	4	0	0	0
426182	18	6	1	0	1	5	0	5	0	0	0
426182	19	4	2	0	2	2	0	2	0	0	0
426182	20	11	6	0	6	5	0	5	0	0	0
426182	21	3	0	0	0	3	0	3	0	0	0
426182	22	9	7	0	7	2	0	2	0	0	0
426182	23	10	7	0	7	3	0	3	0	0	0
426182	24	9	4	0	4	5	0	5	0	0	0
426182	25	5	1	0	1	4	0	4	0	0	0
426182	26	9	4	0	4	5	0	5	0	0	0
426182	27	4	1	0	1	3	0	3	0	0	0
426182	28	4	1	0	1	3	0	3	0	0	0
426182	29	4	3	0	3	1	0	1	0	0	0
426182	30	9	4	0	4	5	0	5	0	0	0
426182	31	5	1	0	1	4	0	4	0	0	0
426182	32	8	5	0	5	3	0	3	0	0	0
426182	33	5	2	0	2	3	0	3	0	0	0
426182	34	13	9	0	9	4	0	4	0	0	0
426182	35	8	3	0	3	5	0	5	0	0	0
426182	36	11	6	0	6	5	0	5	0	0	0
426182	37	9	6	0	6	3	0	3	0	0	0
426182	38	9	5	0	5	4	0	4	0	0	0
426182	39	5	3	0	3	2	0	2	0	0	0
426182	40	14	8	0	8	6	0	6	0	0	0
426182	41	17	13	0	13	4	0	4	0	0	0
426182	42	12	3	0	3	9	0	9	0	0	0
426182	43	17	7	0	7	10	0	10	0	0	0
426182	44	10	4	0	4	6	0	6	0	0	0
426182	45	16	6	0	6	10	0	10	0	0	0
426182	46	16	9	0	9	7	0	7	0	0	0
426182	47	14	6	0	6	8	0	8	0	0	0
426182	48	23	10	0	10	13	0	13	0	0	0
426182	49	18	9	0	9	9	0	9	0	0	0
426182	50	17	12	0	12	5	0	5	0	0	0
426182	51	10	5	0	5	5	0	5	0	0	0
426182	52	19	7	0	7	12	0	12	0	0	0
426182	53	18	10	0	10	8	0	8	0	0	0
426182	54	20	9	0	9	11	0	11	0	0	0
426182	55	14	8	0	8	6	0	6	0	0	0
426182	56	11	5	0	5	6	0	6	0	0	0
426182	57	22	8	0	8	14	0	14	0	0	0
426182	58	15	5	0	5	10	0	10	0	0	0
426182	59	15	10	0	10	5	0	5	0	0	0
426182	60	12	7	0	7	5	0	5	0	0	0
426182	61	20	10	0	10	10	0	10	0	0	0
426182	62	24	10	0	10	14	0	14	0	0	0
426182	63	14	8	0	8	6	0	6	0	0	0
426182	64	15	9	0	9	6	0	6	0	0	0
426182	65	14	5	0	5	9	0	9	0	0	0
426182	66	8	6	0	6	2	0	2	0	0	0
426182	67	8	5	0	5	3	0	3	0	0	0
426182	68	10	5	0	5	5	0	5	0	0	0
426182	69	7	3	0	3	4	0	4	0	0	0
426182	70	13	9	0	9	4	0	4	0	0	0
426182	71	2	0	0	0	2	0	2	0	0	0
426182	72	14	5	0	5	9	0	9	0	0	0
426182	73	9	1	0	1	8	0	8	0	0	0
426182	74	7	3	0	3	4	0	4	0	0	0
426182	75	14	9	0	9	5	0	5	0	0	0
426182	76	11	3	0	3	8	0	8	0	0	0
426182	77	7	2	0	2	5	0	5	0	0	0
426182	78	9	6	0	6	3	0	3	0	0	0
426182	79	9	2	0	2	7	0	7	0	0	0
426182	80	6	2	0	2	4	0	4	0	0	0
426182	81	6	2	0	2	4	0	4	0	0	0
426182	82	9	2	0	2	7	0	7	0	0	0
426182	83	4	2	0	2	2	0	2	0	0	0
426182	84	8	5	0	5	3	0	3	0	0	0
426182	85	8	1	0	1	7	0	7	0	0	0
426182	86	8	5	0	5	3	0	3	0	0	0
426182	87	8	2	0	2	6	0	6	0	0	0
426182	88	12	5	0	5	7	0	7	0	0	0
426182	89	7	1	0	1	6	0	6	0	0	0
426182	90	4	0	0	0	4	0	4	0	0	0
426182	91	5	3	0	3	2	0	2	0	0	0
426182	92	5	5	0	5	0	0	0	0	0	0
426182	93	3	1	0	1	2	0	2	0	0	0
426182	94	4	2	0	2	2	0	2	0	0	0
426182	95	2	2	0	2	0	0	0	0	0	0
426182	96	6	5	0	5	1	0	1	0	0	0
426182	97	4	1	0	1	3	0	3	0	0	0
426182	98	10	5	0	5	5	0	5	0	0	0
426182	99	2	1	0	1	1	0	1	0	0	0
426182	100	2	1	0	1	1	0	1	0	0	0
426182	101	4	0	0	0	4	0	4	0	0	0
426182	102	6	4	0	4	2	0	2	0	0	0
426182	103	6	4	0	4	2	0	2	0	0	0
426182	104	0	0	0	0	0	0	0	0	0	0
426182	105	4	2	0	2	2	0	2	0	0	0
426182	106	6	2	0	2	4	0	4	0	0	0
426182	107	6	3	0	3	3	0	3	0	0	0
426182	108	1	0	0	0	1	0	1	0	0	0
426182	109	1	0	0	0	1	0	1	0	0	0
426182	110	3	3	0	3	0	0	0	0	0	0
426182	111	4	3	0	3	1	0	1	0	0	0
426182	112	0	0	0	0	0	0	0	0	0	0
426182	113	1	0	0	0	1	0	1	0	0	0
426182	114	2	2	0	2	0	0	0	0	0	0
426182	115	4	2	0	2	2	0	2	0	0	0
426182	116	1	0	0	0	1	0	1	0	0	0
426182	117	3	1	0	1	2	0	2	0	0	0
426182	118	3	3	0	3	0	0	0	0	0	0
426182	119	4	1	0	1	3	0	3	0	0	0
426182	120	4	3	0	3	1	0	1	0	0	0
517398	0	0	0	0	0	0	0	0	0	0	0
517398	1	4	2	0	2	2	0	2	0	0	0
517398	2	5	4	0	4	1	0	1	0	0	0
517398	3	3	1	0	1	2	0	2	0	0	0
517398	4	2	2	0	2	0	0	0	0	0	0
517398	5	1	1	0	1	0	0	0	0	0	0
517398	6	1	0	0	0	1	0	1	0	0	0
517398	7	0	0	0	0	0	0	0	0	0	0
517398	8	1	0	0	0	1	0	1	0	0	0
517398	9	4	1	0	1	3	0	3	0	0	0
517398	10	4	4	0	4	0	0	0	0	0	0
517398	11	5	3	0	3	2	0	2	0	0	0
517398	12	9	4	0	4	5	0	5	0	0	0
517398	13	7	3	0	3	4	0	4	0	0	0
517398	14	14	6	0	6	8	0	8	0	0	0
517398	15	14	8	0	8	6	0	6	0	0	0
517398	16	7	4	0	4	3	0	3	0	0	0
517398	17	12	9	0	9	3	0	3	0	0	0
517398	18	10	7	0	7	3	0	3	0	0	0
517398	19	8	0	0	0	8	0	8	0	0	0
517398	20	8	5	0	5	3	0	3	0	0	0
517398	21	10	4	0	4	6	0	6	0	0	0
517398	22	17	10	0	10	7	0	7	0	0	0
517398	23	11	8	0	8	3	0	3	0	0	0
517398	24	9	0	0	0	9	0	9	0	0	0
517398	25	11	3	0	3	8	0	8	0	0	0
517398	26	11	7	0	7	4	0	4	0	0	0
517398	27	17	12	0	12	5	0	5	0	0	0
517398	28	18	8	0	8	10	0	10	0	0	0
517398	29	9	2	0	2	7	0	7	0	0	0
517398	30	10	4	0	4	6	0	6	0	0	0
517398	31	18	10	0	10	8	0	8	0	0	0
517398	32	9	8	0	8	1	0	1	0	0	0
517398	33	14	6	0	6	8	0	8	0	0	0
517398	34	10	6	0	6	4	0	4	0	0	0
517398	35	15	6	0	6	9	0	9	0	0	0
517398	36	7	4	0	4	3	0	3	0	0	0
517398	37	18	10	0	10	8	0	8	0	0	0
517398	38	19	11	0	11	8	0	8	0	0	0
517398	39	15	7	0	7	8	0	8	0	0	0
517398	40	17	9	0	9	8	0	8	0	0	0
517398	41	18	7	0	7	11	0	11	0	0	0
517398	42	15	9	0	9	6	0	6	0	0	0
517398	43	15	9	0	9	6	0	6	0	0	0
517398	44	13	6	0	6	7	0	7	0	0	0
517398	45	12	7	0	7	5	0	5	0	0	0
517398	46	12	5	0	5	7	0	7	0	0	0
517398	47	21	12	0	12	9	0	9	0	0	0
517398	48	15	8	0	8	7	0	7	0	0	0
517398	49	12	6	0	6	6	0	6	0	0	0
517398	50	17	10	0	10	7	0	7	0	0	0
517398	51	16	6	0	6	10	0	10	0	0	0
517398	52	10	2	0	2	8	0	8	0	0	0
517398	53	10	7	0	7	3	0	3	0	0	0
517398	54	9	4	0	4	5	0	5	0	0	0
517398	55	10	4	0	4	6	0	6	0	0	0
517398	56	17	9	0	9	8	0	8	0	0	0
517398	57	16	9	0	9	7	0	7	0	0	0
517398	58	8	4	0	4	4	0	4	0	0	0
517398	59	6	4	0	4	2	0	2	0	0	0
517398	60	6	3	0	3	3	0	3	0	0	0
517398	61	12	8	0	8	4	0	4	0	0	0
517398	62	13	7	0	7	6	0	6	0	0	0
517398	63	9	4	0	4	5	0	5	0	0	0
517398	64	7	2	0	2	5	0	5	0	0	0
517398	65	10	6	0	6	4	0	4	0	0	0
517398	66	5	5	0	5	0	0	0	0	0	0
517398	67	9	6	0	6	3	0	3	0	0	0
517398	68	8	6	0	6	2	0	2	0	0	0
517398	69	4	3	0	3	1	0	1	0	0	0
517398	70	7	3	0	3	4	0	4	0	0	0
517398	71	7	4	0	4	3	0	3	0	0	0
517398	72	5	3	0	3	2	0	2	0	0	0
517398	73	5	2	0	2	3	0	3	0	0	0
517398	74	5	3	0	3	2	0	2	0	0	0
517398	75	5	2	0	2	3	0	3	0	0	0
517398	76	3	0	0	0	3	0	3	0	0	0
517398	77	2	2	0	2	0	0	0	0	0	0
517398	78	2	0	0	0	2	0	2	0	0	0
517398	79	5	2	0	2	3	0	3	0	0	0
517398	80	9	8	0	8	1	0	1	0	0	0
517398	81	7	1	0	1	6	0	6	0	0	0
517398	82	3	1	0	1	2	0	2	0	0	0
517398	83	8	4	0	4	4	0	4	0	0	0
517398	84	4	2	0	2	2	0	2	0	0	0
517398	85	6	1	0	1	5	0	5	0	0	0
517398	86	3	0	0	0	3	0	3	0	0	0
517398	87	4	0	0	0	4	0	4	0	0	0
517398	88	2	1	0	1	1	0	1	0	0	0
517398	89	5	2	0	2	3	0	3	0	0	0
517398	90	2	2	0	2	0	0	0	0	0	0
517398	91	4	1	0	1	3	0	3	0	0	0
517398	92	2	0	0	0	2	0	2	0	0	0
517398	93	3	1	0	1	2	0	2	0	0	0
517398	94	7	3	0	3	4	0	4	0	0	0
517398	95	10	4	0	4	6	0	6	0	0	0
517398	96	5	5	0	5	0	0	0	0	0	0
517398	97	5	0	0	0	5	0	5	0	0	0
517398	98	2	0	0	0	2	0	2	0	0	0
517398	99	5	4	0	4	1	0	1	0	0	0
517398	100	7	4	0	4	3	0	3	0	0	0
517398	101	2	1	0	1	1	0	1	0	0	0
517398	102	6	3	0	3	3	0	3	0	0	0
517398	103	4	2	0	2	2	0	2	0	0	0
517398	104	3	0	0	0	3	0	3	0	0	0
517398	105	3	0	0	0	3	0	3	0	0	0
517398	106	3	3	0	3	0	0	0	0	0	0
517398	107	2	1	0	1	1	0	1	0	0	0
517398	108	5	0	0	0	5	0	5	0	0	0
517398	109	10	5	0	5	5	0	5	0	0	0
517398	110	3	2	0	2	1	0	1	0	0	0
517398	111	7	3	0	3	4	0	4	0	0	0
517398	112	2	1	0	1	1	0	1	0	0	0
517398	113	5	2	0	2	3	0	3	0	0	0
517398	114	0	0	0	0	0	0	0	0	0	0
517398	115	6	3	0	3	3	0	3	0	0	0
517398	116	2	0	0	0	2	0	2	0	0	0
517398	117	3	2	0	2	1	0	1	0	0	0
517398	118	2	1	0	1	1	0	1	0	0	0
517398	119	4	3	0	3	1	0	1	0	0	0
517398	120	3	2	0	2	1	0	1	0	0	0
710169	0	0	0	0	0	0	0	0	0	0	0
710169	1	6	2	0	2	4	0	4	0	0	0
710169	2	3	2	0	2	1	0	1	0	0	0
710169	3	3	0	0	0	3	0	3	0	0	0
710169	4	0	0	0	0	0	0	0	0	0	0
710169	5	2	2	0	2	0	0	0	0	0	0
710169	6	1	0	0	0	1	0	1	0	0	0
710169	7	0	0	0	0	0	0	0	0	0	0
710169	8	1	1	0	1	0	0	0	0	0	0
710169	9	1	1	0	1	0	0	0	0	0	0
710169	10	1	1	0	1	0	0	0	0	0	0
710169	11	2	2	0	2	0	0	0	0	0	0
710169	12	1	0	0	0	1	0	1	0	0	0
710169	13	2	2	0	2	0	0	0	0	0	0
710169	14	0	0	0	0	0	0	0	0	0	0
710169	15	5	2	0	2	3	0	3	0	0	0
710169	16	1	1	0	1	0	0	0	0	0	0
710169	17	2	1	0	1	1	0	1	0	0	0
710169	18	2	1	0	1	1	0	1	0	0	0
710169	19	1	0	0	0	1	0	1	0	0	0
710169	20	0	0	0	0	0	0	0	0	0	0
710169	21	0	0	0	0	0	0	0	0	0	0
710169	22	0	0	0	0	0	0	0	0	0	0
710169	23	1	1	0	1	0	0	0	0	0	0
710169	24	3	1	0	1	2	0	2	0	0	0
710169	25	3	1	0	1	2	0	2	0	0	0
710169	26	3	2	0	2	1	0	1	0	0	0
710169	27	1	0	0	0	1	0	1	0	0	0
710169	28	3	1	0	1	2	0	2	0	0	0
710169	29	4	2	0	2	2	0	2	0	0	0
710169	30	3	2	0	2	1	0	1	0	0	0
710169	31	1	0	0	0	1	0	1	0	0	0
710169	32	1	1	0	1	0	0	0	0	0	0
710169	33	0	0	0	0	0	0	0	0	0	0
710169	34	2	2	0	2	0	0	0	0	0	0
710169	35	0	0	0	0	0	0	0	0	0	0
710169	36	1	1	0	1	0	0	0	0	0	0
710169	37	4	2	0	2	2	0	2	0	0	0
710169	38	6	4	0	4	2	0	2	0	0	0
710169	39	7	2	0	2	5	0	5	0	0	0
710169	40	13	7	0	7	6	0	6	0	0	0
710169	41	11	4	0	4	7	0	7	0	0	0
710169	42	9	4	0	4	5	0	5	0	0	0
710169	43	7	4	0	4	3	0	3	0	0	0
710169	44	6	3	0	3	3	0	3	0	0	0
710169	45	7	3	0	3	4	0	4	0	0	0
710169	46	15	7	0	7	8	0	8	0	0	0
710169	47	6	3	0	3	3	0	3	0	0	0
710169	48	10	2	0	2	8	0	8	0	0	0
710169	49	9	5	0	5	4	0	4	0	0	0
710169	50	8	2	0	2	6	0	6	0	0	0
710169	51	13	6	0	6	7	0	7	0	0	0
710169	52	9	7	0	7	2	0	2	0	0	0
710169	53	5	2	0	2	3	0	3	0	0	0
710169	54	9	2	0	2	7	0	7	0	0	0
710169	55	6	2	0	2	4	0	4	0	0	0
710169	56	12	6	0	6	6	0	6	0	0	0
710169	57	14	4	0	4	10	0	10	0	0	0
710169	58	9	3	0	3	6	0	6	0	0	0
710169	59	4	1	0	1	3	0	3	0	0	0
710169	60	4	1	0	1	3	0	3	0	0	0
710169	61	8	2	0	2	6	0	6	0	0	0
710169	62	10	6	0	6	4	0	4	0	0	0
710169	63	5	3	0	3	2	0	2	0	0	0
710169	64	9	8	0	8	1	0	1	0	0	0
710169	65	13	7	0	7	6	0	6	0	0	0
710169	66	11	8	0	8	3	0	3	0	0	0
710169	67	21	10	0	10	11	0	11	0	0	0
710169	68	14	8	0	8	6	0	6	0	0	0
710169	69	13	7	0	7	6	0	6	0	0	0
710169	70	12	7	0	7	5	0	5	0	0	0
710169	71	16	5	0	5	11	0	11	0	0	0
710169	72	16	10	0	10	6	0	6	0	0	0
710169	73	7	5	0	5	2	0	2	0	0	0
710169	74	15	9	0	9	6	0	6	0	0	0
710169	75	13	7	0	7	6	0	6	0	0	0
710169	76	6	3	0	3	3	0	3	0	0	0
710169	77	15	12	0	12	3	0	3	0	0	0
710169	78	12	1	0	1	11	0	11	0	0	0
710169	79	11	2	0	2	9	0	9	0	0	0
710169	80	10	5	0	5	5	0	5	0	0	0
710169	81	11	5	0	5	6	0	6	0	0	0
710169	82	12	5	0	5	7	0	7	0	0	0
710169	83	9	5	0	5	4	0	4	0	0	0
710169	84	9	3	0	3	6	0	6	0	0	0
710169	85	9	3	0	3	6	0	6	0	0	0
710169	86	8	3	0	3	5	0	5	0	0	0
710169	87	15	9	0	9	6	0	6	0	0	0
710169	88	16	8	0	8	8	0	8	0	0	0
710169	89	7	4	0	4	3	0	3	0	0	0
710169	90	12	5	0	5	7	0	7	0	0	0
710169	91	9	4	0	4	5	0	5	0	0	0
710169	92	8	4	0	4	4	0	4	0	0	0
710169	93	6	1	0	1	5	0	5	0	0	0
710169	94	5	2	0	2	3	0	3	0	0	0
710169	95	11	7	0	7	4	0	4	0	0	0
710169	96	5	2	0	2	3	0	3	0	0	0
710169	97	14	6	0	6	8	0	8	0	0	0
710169	98	8	5	0	5	3	0	3	0	0	0
710169	99	12	7	0	7	5	0	5	0	0	0
710169	100	11	4	0	4	7	0	7	0	0	0
710169	101	13	6	0	6	7	0	7	0	0	0
710169	102	9	5	0	5	4	0	4	0	0	0
710169	103	6	2	0	2	4	0	4	0	0	0
710169	104	4	2	0	2	2	0	2	0	0	0
710169	105	9	3	0	3	6	0	6	0	0	0
710169	106	9	4	0	4	5	0	5	0	0	0
710169	107	15	7	0	7	8	0	8	0	0	0
710169	108	17	8	0	8	9	0	9	0	0	0
710169	109	4	0	0	0	4	0	4	0	0	0
710169	110	6	4	0	4	2	0	2	0	0	0
710169	111	7	4	0	4	3	0	3	0	0	0
710169	112	7	5	0	5	2	0	2	0	0	0
710169	113	8	2	0	2	6	0	6	0	0	0
710169	114	9	7	0	7	2	0	2	0	0	0
710169	115	3	1	0	1	2	0	2	0	0	0
710169	116	10	3	0	3	7	0	7	0	0	0
710169	117	8	4	0	4	4	0	4	0	0	0
710169	118	6	3	0	3	3	0	3	0	0	0
710169	119	4	1	0	1	3	0	3	0	0	0
710169	120	7	2	0	2	5	0	5	0	0	0
469833	0	0	0	0	0	0	0	0	0	0	0
469833	1	3	2	0	2	1	0	1	0	0	0
469833	2	3	1	0	1	2	0	2	0	0	0
469833	3	4	2	0	2	2	0	2	0	0	0
469833	4	4	0	0	0	4	0	4	0	0	0
469833	5	2	1	0	1	1	0	1	0	0	0
469833	6	1	0	0	0	1	0	1	0	0	0
469833	7	1	0	0	0	1	0	1	0	0	0
469833	8	1	0	0	0	1	0	1	0	0	0
469833	9	4	3	0	3	1	0	1	0	0	0
469833	10	2	1	0	1	1	0	1	0	0	0
469833	11	2	1	0	1	1	0	1	0	0	0
469833	12	1	0	0	0	1	0	1	0	0	0
469833	13	4	1	0	1	3	0	3	0	0	0
469833	14	6	2	0	2	4	0	4	0	0	0
469833	15	3	2	0	2	1	0	1	0	0	0
469833	16	2	1	0	1	1	0	1	0	0	0
469833	17	4	2	0	2	2	0	2	0	0	0
469833	18	7	2	0	2	5	0	5	0	0	0
469833	19	4	1	0	1	3	0	3	0	0	0
469833	20	8	4	0	4	4	0	4	0	0	0
469833	21	11	8	0	8	3	0	3	0	0	0
469833	22	9	3	0	3	6	0	6	0	0	0
469833	23	9	4	0	4	5	0	5	0	0	0
469833	24	11	6	0	6	5	0	5	0	0	0
469833	25	12	5	0	5	7	0	7	0	0	0
469833	26	9	6	0	6	3	0	3	0	0	0
469833	27	12	6	0	6	6	0	6	0	0	0
469833	28	13	7	0	7	6	0	6	0	0	0
469833	29	17	8	0	8	9	0	9	0	0	0
469833	30	8	4	0	4	4	0	4	0	0	0
469833	31	9	6	0	6	3	0	3	0	0	0
469833	32	12	8	0	8	4	0	4	0	0	0
469833	33	9	6	0	6	3	0	3	0	0	0
469833	34	15	6	0	6	9	0	9	0	0	0
469833	35	13	4	0	4	9	0	9	0	0	0
469833	36	6	4	0	4	2	0	2	0	0	0
469833	37	12	7	0	7	5	0	5	0	0	0
469833	38	12	6	0	6	6	0	6	0	0	0
469833	39	12	7	0	7	5	0	5	0	0	0
469833	40	14	5	0	5	9	0	9	0	0	0
469833	41	10	5	0	5	5	0	5	0	0	0
469833	42	10	6	0	6	4	0	4	0	0	0
469833	43	10	4	0	4	6	0	6	0	0	0
469833	44	15	5	0	5	10	0	10	0	0	0
469833	45	9	5	0	5	4	0	4	0	0	0
469833	46	9	4	0	4	5	0	5	0	0	0
469833	47	7	3	0	3	4	0	4	0	0	0
469833	48	14	7	0	7	7	0	7	0	0	0
469833	49	4	1	0	1	3	0	3	0	0	0
469833	50	8	5	0	5	3	0	3	0	0	0
469833	51	6	2	0	2	4	0	4	0	0	0
469833	52	10	6	0	6	4	0	4	0	0	0
469833	53	14	10	0	10	4	0	4	0	0	0
469833	54	10	8	0	8	2	0	2	0	0	0
469833	55	8	2	0	2	6	0	6	0	0	0
469833	56	26	13	0	13	13	0	13	0	0	0
469833	57	14	9	0	9	5	0	5	0	0	0
469833	58	7	4	0	4	3	0	3	0	0	0
469833	59	13	6	0	6	7	0	7	0	0	0
469833	60	12	5	0	5	7	0	7	0	0	0
469833	61	13	7	0	7	6	0	6	0	0	0
469833	62	8	6	0	6	2	0	2	0	0	0
469833	63	16	9	0	9	7	0	7	0	0	0
469833	64	10	4	0	4	6	0	6	0	0	0
469833	65	8	5	0	5	3	0	3	0	0	0
469833	66	13	7	0	7	6	0	6	0	0	0
469833	67	9	5	0	5	4	0	4	0	0	0
469833	68	6	0	0	0	6	0	6	0	0	0
469833	69	7	3	0	3	4	0	4	0	0	0
469833	70	12	7	0	7	5	0	5	0	0	0
469833	71	7	1	0	1	6	0	6	0	0	0
469833	72	7	4	0	4	3	0	3	0	0	0
469833	73	10	6	0	6	4	0	4	0	0	0
469833	74	6	3	0	3	3	0	3	0	0	0
469833	75	9	4	0	4	5	0	5	0	0	0
469833	76	10	6	0	6	4	0	4	0	0	0
469833	77	17	8	0	8	9	0	9	0	0	0
469833	78	8	4	0	4	4	0	4	0	0	0
469833	79	10	7	0	7	3	0	3	0	0	0
469833	80	9	5	0	5	4	0	4	0	0	0
469833	81	12	5	0	5	7	0	7	0	0	0
469833	82	12	8	0	8	4	0	4	0	0	0
469833	83	7	2	0	2	5	0	5	0	0	0
469833	84	12	7	0	7	5	0	5	0	0	0
469833	85	12	3	0	3	9	0	9	0	0	0
469833	86	7	3	0	3	4	0	4	0	0	0
469833	87	10	7	0	7	3	0	3	0	0	0
469833	88	6	4	0	4	2	0	2	0	0	0
469833	89	7	3	0	3	4	0	4	0	0	0
469833	90	1	0	0	0	1	0	1	0	0	0
469833	91	5	3	0	3	2	0	2	0	0	0
469833	92	8	6	0	6	2	0	2	0	0	0
469833	93	4	3	0	3	1	0	1	0	0	0
469833	94	6	1	0	1	5	0	5	0	0	0
469833	95	4	1	0	1	3	0	3	0	0	0
469833	96	8	3	0	3	5	0	5	0	0	0
469833	97	5	2	0	2	3	0	3	0	0	0
469833	98	4	2	0	2	2	0	2	0	0	0
469833	99	2	1	0	1	1	0	1	0	0	0
469833	100	4	3	0	3	1	0	1	0	0	0
469833	101	5	3	0	3	2	0	2	0	0	0
469833	102	3	2	0	2	1	0	1	0	0	0
469833	103	4	2	0	2	2	0	2	0	0	0
469833	104	10	6	0	6	4	0	4	0	0	0
469833	105	4	0	0	0	4	0	4	0	0	0
469833	106	5	2	0	2	3	0	3	0	0	0
469833	107	5	4	0	4	1	0	1	0	0	0
469833	108	4	2	0	2	2	0	2	0	0	0
469833	109	4	2	0	2	2	0	2	0	0	0
469833	110	2	2	0	2	0	0	0	0	0	0
469833	111	1	1	0	1	0	0	0	0	0	0
469833	112	4	2	0	2	2	0	2	0	0	0
469833	113	3	1	0	1	2	0	2	0	0	0
469833	114	3	1	0	1	2	0	2	0	0	0
469833	115	4	2	0	2	2	0	2	0	0	0
469833	116	1	0	0	0	1	0	1	0	0	0
469833	117	8	4	0	4	4	0	4	0	0	0
469833	118	6	5	0	5	1	0	1	0	0	0
469833	119	6	3	0	3	3	0	3	0	0	0
469833	120	4	3	0	3	1	0	1	0	0	0
294565	0	0	0	0	0	0	0	0	0	0	0
294565	1	3	1	0	1	2	0	2	0	0	0
294565	2	2	1	0	1	1	0	1	0	0	0
294565	3	4	1	0	1	3	0	3	0	0	0
294565	4	3	3	0	3	0	0	0	0	0	0
294565	5	5	2	0	2	3	0	3	0	0	0
294565	6	2	1	0	1	1	0	1	0	0	0
294565	7	5	4	0	4	1	0	1	0	0	0
294565	8	5	4	0	4	1	0	1	0	0	0
294565	9	7	3	0	3	4	0	4	0	0	0
294565	10	3	1	0	1	2	0	2	0	0	0
294565	11	0	0	0	0	0	0	0	0	0	0
294565	12	0	0	0	0	0	0	0	0	0	0
294565	13	0	0	0	0	0	0	0	0	0	0
294565	14	0	0	0	0	0	0	0	0	0	0
294565	15	0	0	0	0	0	0	0	0	0	0
294565	16	2	0	0	0	2	0	2	0	0	0
294565	17	2	0	0	0	2	0	2	0	0	0
294565	18	5	2	0	2	3	0	3	0	0	0
294565	19	3	0	0	0	3	0	3	0	0	0
294565	20	5	2	0	2	3	0	3	0	0	0
294565	21	2	0	0	0	2	0	2	0	0	0
294565	22	3	1	0	1	2	0	2	0	0	0
294565	23	2	0	0	0	2	0	2	0	0	0
294565	24	7	5	0	5	2	0	2	0	0	0
294565	25	8	4	0	4	4	0	4	0	0	0
294565	26	5	3	0	3	2	0	2	0	0	0
294565	27	3	1	0	1	2	0	2	0	0	0
294565	28	3	0	0	0	3	0	3	0	0	0
294565	29	8	1	0	1	7	0	7	0	0	0
294565	30	7	2	0	2	5	0	5	0	0	0
294565	31	12	8	0	8	4	0	4	0	0	0
294565	32	11	6	0	6	5	0	5	0	0	0
294565	33	11	5	0	5	6	0	6	0	0	0
294565	34	12	7	0	7	5	0	5	0	0	0
294565	35	9	4	0	4	5	0	5	0	0	0
294565	36	8	4	0	4	4	0	4	0	0	0
294565	37	5	1	0	1	4	0	4	0	0	0
294565	38	6	1	0	1	5	0	5	0	0	0
294565	39	9	4	0	4	5	0	5	0	0	0
294565	40	9	2	0	2	7	0	7	0	0	0
294565	41	10	4	0	4	6	0	6	0	0	0
294565	42	11	8	0	8	3	0	3	0	0	0
294565	43	9	3	0	3	6	0	6	0	0	0
294565	44	11	4	0	4	7	0	7	0	0	0
294565	45	9	3	0	3	6	0	6	0	0	0
294565	46	7	3	0	3	4	0	4	0	0	0
294565	47	13	4	0	4	9	0	9	0	0	0
294565	48	10	6	0	6	4	0	4	0	0	0
294565	49	9	6	0	6	3	0	3	0	0	0
294565	50	8	5	0	5	3	0	3	0	0	0
294565	51	9	5	0	5	4	0	4	0	0	0
294565	52	10	5	0	5	5	0	5	0	0	0
294565	53	5	2	0	2	3	0	3	0	0	0
294565	54	7	5	0	5	2	0	2	0	0	0
294565	55	8	2	0	2	6	0	6	0	0	0
294565	56	14	9	0	9	5	0	5	0	0	0
294565	57	4	0	0	0	4	0	4	0	0	0
294565	58	11	5	0	5	6	0	6	0	0	0
294565	59	9	2	0	2	7	0	7	0	0	0
294565	60	13	6	0	6	7	0	7	0	0	0
294565	61	9	3	0	3	6	0	6	0	0	0
294565	62	8	2	0	2	6	0	6	0	0	0
294565	63	10	3	0	3	7	0	7	0	0	0
294565	64	11	5	0	5	6	0	6	0	0	0
294565	65	17	9	0	9	8	0	8	0	0	0
294565	66	23	12	0	12	11	0	11	0	0	0
294565	67	20	13	0	13	7	0	7	0	0	0
294565	68	19	10	0	10	9	0	9	0	0	0
294565	69	17	7	0	7	10	0	10	0	0	0
294565	70	13	5	0	5	8	0	8	0	0	0
294565	71	12	8	0	8	4	0	4	0	0	0
294565	72	12	5	0	5	7	0	7	0	0	0
294565	73	12	3	0	3	9	0	9	0	0	0
294565	74	17	9	0	9	8	0	8	0	0	0
294565	75	6	4	0	4	2	0	2	0	0	0
294565	76	11	8	0	8	3	0	3	0	0	0
294565	77	16	6	0	6	10	0	10	0	0	0
294565	78	18	8	0	8	10	0	10	0	0	0
294565	79	16	10	0	10	6	0	6	0	0	0
294565	80	13	2	0	2	11	0	11	0	0	0
294565	81	17	4	0	4	13	0	13	0	0	0
294565	82	16	4	0	4	12	0	12	0	0	0
294565	83	7	3	0	3	4	0	4	0	0	0
294565	84	10	3	0	3	7	0	7	0	0	0
294565	85	15	4	0	4	11	0	11	0	0	0
294565	86	13	6	0	6	7	0	7	0	0	0
294565	87	9	4	0	4	5	0	5	0	0	0
294565	88	8	3	0	3	5	0	5	0	0	0
294565	89	10	5	0	5	5	0	5	0	0	0
294565	90	9	4	0	4	5	0	5	0	0	0
294565	91	7	2	0	2	5	0	5	0	0	0
294565	92	8	3	0	3	5	0	5	0	0	0
294565	93	14	8	0	8	6	0	6	0	0	0
294565	94	8	3	0	3	5	0	5	0	0	0
294565	95	7	2	0	2	5	0	5	0	0	0
294565	96	4	3	0	3	1	0	1	0	0	0
294565	97	9	8	0	8	1	0	1	0	0	0
294565	98	10	7	0	7	3	0	3	0	0	0
294565	99	9	3	0	3	6	0	6	0	0	0
294565	100	8	4	0	4	4	0	4	0	0	0
294565	101	10	5	0	5	5	0	5	0	0	0
294565	102	6	3	0	3	3	0	3	0	0	0
294565	103	2	1	0	1	1	0	1	0	0	0
294565	104	4	2	0	2	2	0	2	0	0	0
294565	105	2	2	0	2	0	0	0	0	0	0
294565	106	5	2	0	2	3	0	3	0	0	0
294565	107	5	3	0	3	2	0	2	0	0	0
294565	108	3	2	0	2	1	0	1	0	0	0
294565	109	6	2	0	2	4	0	4	0	0	0
294565	110	6	3	0	3	3	0	3	0	0	0
294565	111	6	3	0	3	3	0	3	0	0	0
294565	112	12	6	0	6	6	0	6	0	0	0
294565	113	4	3	0	3	1	0	1	0	0	0
294565	114	5	2	0	2	3	0	3	0	0	0
294565	115	7	3	0	3	4	0	4	0	0	0
294565	116	3	0	0	0	3	0	3	0	0	0
294565	117	4	3	0	3	1	0	1	0	0	0
294565	118	5	3	0	3	2	0	2	0	0	0
294565	119	5	5	0	5	0	0	0	0	0	0
294565	120	4	1	0	1	3	0	3	0	0	0
699000	0	0	0	0	0	0	0	0	0	0	0
699000	1	4	1	0	1	3	0	3	0	0	0
699000	2	4	3	0	3	1	0	1	0	0	0
699000	3	1	0	0	0	1	0	1	0	0	0
699000	4	0	0	0	0	0	0	0	0	0	0
699000	5	1	0	0	0	1	0	1	0	0	0
699000	6	4	2	0	2	2	0	2	0	0	0
699000	7	0	0	0	0	0	0	0	0	0	0
699000	8	0	0	0	0	0	0	0	0	0	0
699000	9	0	0	0	0	0	0	0	0	0	0
699000	10	0	0	0	0	0	0	0	0	0	0
699000	11	4	3	0	3	1	0	1	0	0	0
699000	12	0	0	0	0	0	0	0	0	0	0
699000	13	0	0	0	0	0	0	0	0	0	0
699000	14	2	2	0	2	0	0	0	0	0	0
699000	15	1	0	0	0	1	0	1	0	0	0
699000	16	0	0	0	0	0	0	0	0	0	0
699000	17	0	0	0	0	0	0	0	0	0	0
699000	18	0	0	0	0	0	0	0	0	0	0
699000	19	0	0	0	0	0	0	0	0	0	0
699000	20	0	0	0	0	0	0	0	0	0	0
699000	21	1	1	0	1	0	0	0	0	0	0
699000	22	0	0	0	0	0	0	0	0	0	0
699000	23	0	0	0	0	0	0	0	0	0	0
699000	24	2	1	0	1	1	0	1	0	0	0
699000	25	3	0	0	0	3	0	3	0	0	0
699000	26	2	1	0	1	1	0	1	0	0	0
699000	27	3	0	0	0	3	0	3	0	0	0
699000	28	0	0	0	0	0	0	0	0	0	0
699000	29	3	2	0	2	1	0	1	0	0	0
699000	30	3	2	0	2	1	0	1	0	0	0
699000	31	2	1	0	1	1	0	1	0	0	0
699000	32	4	1	0	1	3	0	3	0	0	0
699000	33	1	1	0	1	0	0	0	0	0	0
699000	34	1	0	0	0	1	0	1	0	0	0
699000	35	1	0	0	0	1	0	1	0	0	0
699000	36	3	0	0	0	3	0	3	0	0	0
699000	37	1	0	0	0	1	0	1	0	0	0
699000	38	3	2	0	2	1	0	1	0	0	0
699000	39	2	0	0	0	2	0	2	0	0	0
699000	40	1	0	0	0	1	0	1	0	0	0
699000	41	1	0	0	0	1	0	1	0	0	0
699000	42	1	1	0	1	0	0	0	0	0	0
699000	43	3	1	0	1	2	0	2	0	0	0
699000	44	5	0	0	0	5	0	5	0	0	0
699000	45	7	3	0	3	4	0	4	0	0	0
699000	46	2	2	0	2	0	0	0	0	0	0
699000	47	6	2	0	2	4	0	4	0	0	0
699000	48	5	2	0	2	3	0	3	0	0	0
699000	49	2	2	0	2	0	0	0	0	0	0
699000	50	2	0	0	0	2	0	2	0	0	0
699000	51	5	2	0	2	3	0	3	0	0	0
699000	52	1	0	0	0	1	0	1	0	0	0
699000	53	2	0	0	0	2	0	2	0	0	0
699000	54	2	1	0	1	1	0	1	0	0	0
699000	55	3	2	0	2	1	0	1	0	0	0
699000	56	3	1	0	1	2	0	2	0	0	0
699000	57	1	0	0	0	1	0	1	0	0	0
699000	58	1	1	0	1	0	0	0	0	0	0
699000	59	0	0	0	0	0	0	0	0	0	0
699000	60	4	0	0	0	4	0	4	0	0	0
699000	61	2	0	0	0	2	0	2	0	0	0
699000	62	1	0	0	0	1	0	1	0	0	0
699000	63	1	0	0	0	1	0	1	0	0	0
699000	64	2	0	0	0	2	0	2	0	0	0
699000	65	1	0	0	0	1	0	1	0	0	0
699000	66	1	0	0	0	1	0	1	0	0	0
699000	67	3	2	0	2	1	0	1	0	0	0
699000	68	1	0	0	0	1	0	1	0	0	0
699000	69	2	1	0	1	1	0	1	0	0	0
699000	70	2	2	0	2	0	0	0	0	0	0
699000	71	4	3	0	3	1	0	1	0	0	0
699000	72	3	1	0	1	2	0	2	0	0	0
699000	73	2	1	0	1	1	0	1	0	0	0
699000	74	0	0	0	0	0	0	0	0	0	0
699000	75	1	0	0	0	1	0	1	0	0	0
699000	76	1	1	0	1	0	0	0	0	0	0
699000	77	3	1	0	1	2	0	2	0	0	0
699000	78	2	0	0	0	2	0	2	0	0	0
699000	79	2	1	0	1	1	0	1	0	0	0
699000	80	6	2	0	2	4	0	4	0	0	0
699000	81	4	1	0	1	3	0	3	0	0	0
699000	82	4	3	0	3	1	0	1	0	0	0
699000	83	11	6	0	6	5	0	5	0	0	0
699000	84	17	11	0	11	6	0	6	0	0	0
699000	85	12	2	0	2	10	0	10	0	0	0
699000	86	13	8	0	8	5	0	5	0	0	0
699000	87	14	5	0	5	9	0	9	0	0	0
699000	88	15	9	0	9	6	0	6	0	0	0
699000	89	12	6	0	6	6	0	6	0	0	0
699000	90	15	4	0	4	11	0	11	0	0	0
699000	91	4	3	0	3	1	0	1	0	0	0
699000	92	7	3	0	3	4	0	4	0	0	0
699000	93	8	4	0	4	4	0	4	0	0	0
699000	94	4	3	0	3	1	0	1	0	0	0
699000	95	5	3	0	3	2	0	2	0	0	0
699000	96	11	5	0	5	6	0	6	0	0	0
699000	97	17	7	0	7	10	0	10	0	0	0
699000	98	8	6	0	6	2	0	2	0	0	0
699000	99	13	10	0	10	3	0	3	0	0	0
699000	100	7	4	0	4	3	0	3	0	0	0
699000	101	12	7	0	7	5	0	5	0	0	0
699000	102	7	4	0	4	3	0	3	0	0	0
699000	103	12	4	0	4	8	0	8	0	0	0
699000	104	9	5	0	5	4	0	4	0	0	0
699000	105	13	5	0	5	8	0	8	0	0	0
699000	106	11	4	0	4	7	0	7	0	0	0
699000	107	14	5	0	5	9	0	9	0	0	0
699000	108	10	4	0	4	6	0	6	0	0	0
699000	109	9	6	0	6	3	0	3	0	0	0
699000	110	8	3	0	3	5	0	5	0	0	0
699000	111	6	2	0	2	4	0	4	0	0	0
699000	112	3	2	0	2	1	0	1	0	0	0
699000	113	7	3	0	3	4	0	4	0	0	0
699000	114	10	5	0	5	5	0	5	0	0	0
699000	115	7	4	0	4	3	0	3	0	0	0
699000	116	11	6	0	6	5	0	5	0	0	0
699000	117	10	4	0	4	6	0	6	0	0	0
699000	118	8	1	0	1	7	0	7	0	0	0
699000	119	16	6	0	6	10	0	10	0	0	0
699000	120	9	2	0	2	7	0	7	0	0	0
333159	0	0	0	0	0	0	0	0	0	0	0
333159	1	1	0	0	0	1	0	1	0	0	0
333159	2	0	0	0	0	0	0	0	0	0	0
333159	3	0	0	0	0	0	0	0	0	0	0
333159	4	0	0	0	0	0	0	0	0	0	0
333159	5	0	0	0	0	0	0	0	0	0	0
333159	6	0	0	0	0	0	0	0	0	0	0
333159	7	0	0	0	0	0	0	0	0	0	0
333159	8	1	0	0	0	1	0	1	0	0	0
333159	9	0	0	0	0	0	0	0	0	0	0
333159	10	1	1	0	1	0	0	0	0	0	0
333159	11	1	0	0	0	1	0	1	0	0	0
333159	12	0	0	0	0	0	0	0	0	0	0
333159	13	0	0	0	0	0	0	0	0	0	0
333159	14	0	0	0	0	0	0	0	0	0	0
333159	15	0	0	0	0	0	0	0	0	0	0
333159	16	0	0	0	0	0	0	0	0	0	0
333159	17	1	0	0	0	1	0	1	0	0	0
333159	18	0	0	0	0	0	0	0	0	0	0
333159	19	0	0	0	0	0	0	0	0	0	0
333159	20	0	0	0	0	0	0	0	0	0	0
333159	21	0	0	0	0	0	0	0	0	0	0
333159	22	0	0	0	0	0	0	0	0	0	0
333159	23	0	0	0	0	0	0	0	0	0	0
333159	24	0	0	0	0	0	0	0	0	0	0
333159	25	1	0	0	0	1	0	1	0	0	0
333159	26	2	1	0	1	1	0	1	0	0	0
333159	27	2	1	0	1	1	0	1	0	0	0
333159	28	0	0	0	0	0	0	0	0	0	0
333159	29	1	0	0	0	1	0	1	0	0	0
333159	30	3	2	0	2	1	0	1	0	0	0
333159	31	0	0	0	0	0	0	0	0	0	0
333159	32	1	1	0	1	0	0	0	0	0	0
333159	33	1	1	0	1	0	0	0	0	0	0
333159	34	2	1	0	1	1	0	1	0	0	0
333159	35	5	2	0	2	3	0	3	0	0	0
333159	36	5	3	0	3	2	0	2	0	0	0
333159	37	6	2	0	2	4	0	4	0	0	0
333159	38	1	0	0	0	1	0	1	0	0	0
333159	39	2	1	0	1	1	0	1	0	0	0
333159	40	1	1	0	1	0	0	0	0	0	0
333159	41	0	0	0	0	0	0	0	0	0	0
333159	42	2	2	0	2	0	0	0	0	0	0
333159	43	0	0	0	0	0	0	0	0	0	0
333159	44	2	1	0	1	1	0	1	0	0	0
333159	45	3	1	0	1	2	0	2	0	0	0
333159	46	6	2	0	2	4	0	4	0	0	0
333159	47	1	1	0	1	0	0	0	0	0	0
333159	48	8	5	0	5	3	0	3	0	0	0
333159	49	2	0	0	0	2	0	2	0	0	0
333159	50	4	2	0	2	2	0	2	0	0	0
333159	51	3	2	0	2	1	0	1	0	0	0
333159	52	5	2	0	2	3	0	3	0	0	0
333159	53	3	0	0	0	3	0	3	0	0	0
333159	54	1	0	0	0	1	0	1	0	0	0
333159	55	1	1	0	1	0	0	0	0	0	0
333159	56	3	1	0	1	2	0	2	0	0	0
333159	57	1	0	0	0	1	0	1	0	0	0
333159	58	7	3	0	3	4	0	4	0	0	0
333159	59	6	0	0	0	6	0	6	0	0	0
333159	60	2	2	0	2	0	0	0	0	0	0
333159	61	5	2	0	2	3	0	3	0	0	0
333159	62	6	5	0	5	1	0	1	0	0	0
333159	63	11	4	0	4	7	0	7	0	0	0
333159	64	15	7	0	7	8	0	8	0	0	0
333159	65	16	8	0	8	8	0	8	0	0	0
333159	66	21	14	0	14	7	0	7	0	0	0
333159	67	22	9	0	9	13	0	13	0	0	0
333159	68	20	11	0	11	9	0	9	0	0	0
333159	69	18	7	0	7	11	0	11	0	0	0
333159	70	7	2	0	2	5	0	5	0	0	0
333159	71	19	10	0	10	9	0	9	0	0	0
333159	72	16	5	0	5	11	0	11	0	0	0
333159	73	11	6	0	6	5	0	5	0	0	0
333159	74	13	10	0	10	3	0	3	0	0	0
333159	75	9	7	0	7	2	0	2	0	0	0
333159	76	13	5	0	5	8	0	8	0	0	0
333159	77	11	5	0	5	6	0	6	0	0	0
333159	78	9	5	0	5	4	0	4	0	0	0
333159	79	11	6	0	6	5	0	5	0	0	0
333159	80	11	4	0	4	7	0	7	0	0	0
333159	81	10	4	0	4	6	0	6	0	0	0
333159	82	10	4	0	4	6	0	6	0	0	0
333159	83	12	5	0	5	7	0	7	0	0	0
333159	84	15	4	0	4	11	0	11	0	0	0
333159	85	6	3	0	3	3	0	3	0	0	0
333159	86	7	5	0	5	2	0	2	0	0	0
333159	87	7	2	0	2	5	0	5	0	0	0
333159	88	10	8	0	8	2	0	2	0	0	0
333159	89	11	7	0	7	4	0	4	0	0	0
333159	90	11	4	0	4	7	0	7	0	0	0
333159	91	12	3	0	3	9	0	9	0	0	0
333159	92	8	1	0	1	7	0	7	0	0	0
333159	93	17	8	0	8	9	0	9	0	0	0
333159	94	15	7	0	7	8	0	8	0	0	0
333159	95	17	6	0	6	11	0	11	0	0	0
333159	96	1	1	0	1	0	0	0	0	0	0
333159	97	10	6	0	6	4	0	4	0	0	0
333159	98	18	5	0	5	13	0	13	0	0	0
333159	99	10	5	0	5	5	0	5	0	0	0
333159	100	11	6	0	6	5	0	5	0	0	0
333159	101	15	9	0	9	6	0	6	0	0	0
333159	102	15	4	0	4	11	0	11	0	0	0
333159	103	11	4	0	4	7	0	7	0	0	0
333159	104	13	9	0	9	4	0	4	0	0	0
333159	105	8	3	0	3	5	0	5	0	0	0
333159	106	7	4	0	4	3	0	3	0	0	0
333159	107	7	2	0	2	5	0	5	0	0	0
333159	108	16	6	0	6	10	0	10	0	0	0
333159	109	9	2	0	2	7	0	7	0	0	0
333159	110	11	6	0	6	5	0	5	0	0	0
333159	111	4	1	0	1	3	0	3	0	0	0
333159	112	7	3	0	3	4	0	4	0	0	0
333159	113	11	7	0	7	4	0	4	0	0	0
333159	114	5	4	0	4	1	0	1	0	0	0
333159	115	9	5	0	5	4	0	4	0	0	0
333159	116	5	0	0	0	5	0	5	0	0	0
333159	117	5	3	0	3	2	0	2	0	0	0
333159	118	10	4	0	4	6	0	6	0	0	0
333159	119	5	2	0	2	3	0	3	0	0	0
333159	120	12	5	0	5	7	0	7	0	0	0
265806	0	0	0	0	0	0	0	0	0	0	0
265806	1	4	3	0	3	1	0	1	0	0	0
265806	2	2	1	0	1	1	0	1	0	0	0
265806	3	4	2	0	2	2	0	2	0	0	0
265806	4	5	4	0	4	1	0	1	0	0	0
265806	5	8	6	0	6	2	0	2	0	0	0
265806	6	1	0	0	0	1	0	1	0	0	0
265806	7	2	0	0	0	2	0	2	0	0	0
265806	8	3	1	0	1	2	0	2	0	0	0
265806	9	2	0	0	0	2	0	2	0	0	0
265806	10	3	2	0	2	1	0	1	0	0	0
265806	11	2	0	0	0	2	0	2	0	0	0
265806	12	8	2	0	2	6	0	6	0	0	0
265806	13	5	3	0	3	2	0	2	0	0	0
265806	14	8	4	0	4	4	0	4	0	0	0
265806	15	5	2	0	2	3	0	3	0	0	0
265806	16	10	5	0	5	5	0	5	0	0	0
265806	17	9	5	0	5	4	0	4	0	0	0
265806	18	11	4	0	4	7	0	7	0	0	0
265806	19	5	1	0	1	4	0	4	0	0	0
265806	20	12	4	0	4	8	0	8	0	0	0
265806	21	5	2	0	2	3	0	3	0	0	0
265806	22	6	4	0	4	2	0	2	0	0	0
265806	23	4	2	0	2	2	0	2	0	0	0
265806	24	3	1	0	1	2	0	2	0	0	0
265806	25	8	1	0	1	7	0	7	0	0	0
265806	26	10	6	0	6	4	0	4	0	0	0
265806	27	7	3	0	3	4	0	4	0	0	0
265806	28	15	7	0	7	8	0	8	0	0	0
265806	29	5	2	0	2	3	0	3	0	0	0
265806	30	16	4	0	4	12	0	12	0	0	0
265806	31	10	3	0	3	7	0	7	0	0	0
265806	32	5	3	0	3	2	0	2	0	0	0
265806	33	10	5	0	5	5	0	5	0	0	0
265806	34	11	6	0	6	5	0	5	0	0	0
265806	35	15	6	0	6	9	0	9	0	0	0
265806	36	23	12	0	12	11	0	11	0	0	0
265806	37	13	7	0	7	6	0	6	0	0	0
265806	38	11	5	0	5	6	0	6	0	0	0
265806	39	14	6	0	6	8	0	8	0	0	0
265806	40	14	8	0	8	6	0	6	0	0	0
265806	41	7	2	0	2	5	0	5	0	0	0
265806	42	13	6	0	6	7	0	7	0	0	0
265806	43	7	2	0	2	5	0	5	0	0	0
265806	44	10	7	0	7	3	0	3	0	0	0
265806	45	12	6	0	6	6	0	6	0	0	0
265806	46	7	2	0	2	5	0	5	0	0	0
265806	47	24	13	0	13	11	0	11	0	0	0
265806	48	16	12	0	12	4	0	4	0	0	0
265806	49	14	7	0	7	7	0	7	0	0	0
265806	50	8	2	0	2	6	0	6	0	0	0
265806	51	14	7	0	7	7	0	7	0	0	0
265806	52	10	7	0	7	3	0	3	0	0	0
265806	53	11	6	0	6	5	0	5	0	0	0
265806	54	10	7	0	7	3	0	3	0	0	0
265806	55	17	9	0	9	8	0	8	0	0	0
265806	56	7	1	0	1	6	0	6	0	0	0
265806	57	16	10	0	10	6	0	6	0	0	0
265806	58	23	10	0	10	13	0	13	0	0	0
265806	59	15	6	0	6	9	0	9	0	0	0
265806	60	10	4	0	4	6	0	6	0	0	0
265806	61	11	4	0	4	7	0	7	0	0	0
265806	62	15	5	0	5	10	0	10	0	0	0
265806	63	13	7	0	7	6	0	6	0	0	0
265806	64	15	5	0	5	10	0	10	0	0	0
265806	65	9	4	0	4	5	0	5	0	0	0
265806	66	11	5	0	5	6	0	6	0	0	0
265806	67	8	3	0	3	5	0	5	0	0	0
265806	68	15	5	0	5	10	0	10	0	0	0
265806	69	4	1	0	1	3	0	3	0	0	0
265806	70	8	4	0	4	4	0	4	0	0	0
265806	71	8	5	0	5	3	0	3	0	0	0
265806	72	7	4	0	4	3	0	3	0	0	0
265806	73	5	3	0	3	2	0	2	0	0	0
265806	74	7	3	0	3	4	0	4	0	0	0
265806	75	5	3	0	3	2	0	2	0	0	0
265806	76	7	2	0	2	5	0	5	0	0	0
265806	77	10	5	0	5	5	0	5	0	0	0
265806	78	19	6	0	6	13	0	13	0	0	0
265806	79	11	4	0	4	7	0	7	0	0	0
265806	80	8	1	0	1	7	0	7	0	0	0
265806	81	8	4	0	4	4	0	4	0	0	0
265806	82	9	7	0	7	2	0	2	0	0	0
265806	83	7	2	0	2	5	0	5	0	0	0
265806	84	5	4	0	4	1	0	1	0	0	0
265806	85	7	2	0	2	5	0	5	0	0	0
265806	86	8	3	0	3	5	0	5	0	0	0
265806	87	2	0	0	0	2	0	2	0	0	0
265806	88	7	5	0	5	2	0	2	0	0	0
265806	89	11	5	0	5	6	0	6	0	0	0
265806	90	7	4	0	4	3	0	3	0	0	0
265806	91	8	1	0	1	7	0	7	0	0	0
265806	92	6	1	0	1	5	0	5	0	0	0
265806	93	5	3	0	3	2	0	2	0	0	0
265806	94	4	1	0	1	3	0	3	0	0	0
265806	95	9	5	0	5	4	0	4	0	0	0
265806	96	4	3	0	3	1	0	1	0	0	0
265806	97	8	5	0	5	3	0	3	0	0	0
265806	98	5	3	0	3	2	0	2	0	0	0
265806	99	5	0	0	0	5	0	5	0	0	0
265806	100	4	2	0	2	2	0	2	0	0	0
265806	101	3	3	0	3	0	0	0	0	0	0
265806	102	2	1	0	1	1	0	1	0	0	0
265806	103	6	3	0	3	3	0	3	0	0	0
265806	104	3	2	0	2	1	0	1	0	0	0
265806	105	3	1	0	1	2	0	2	0	0	0
265806	106	4	1	0	1	3	0	3	0	0	0
265806	107	4	1	0	1	3	0	3	0	0	0
265806	108	3	1	0	1	2	0	2	0	0	0
265806	109	2	1	0	1	1	0	1	0	0	0
265806	110	2	2	0	2	0	0	0	0	0	0
265806	111	4	2	0	2	2	0	2	0	0	0
265806	112	1	0	0	0	1	0	1	0	0	0
265806	113	2	1	0	1	1	0	1	0	0	0
265806	114	2	1	0	1	1	0	1	0	0	0
265806	115	1	1	0	1	0	0	0	0	0	0
265806	116	2	2	0	2	0	0	0	0	0	0
265806	117	2	0	0	0	2	0	2	0	0	0
265806	118	2	1	0	1	1	0	1	0	0	0
265806	119	3	2	0	2	1	0	1	0	0	0
265806	120	1	1	0	1	0	0	0	0	0	0
327112	0	0	0	0	0	0	0	0	0	0	0
327112	1	2	0	0	0	2	0	2	0	0	0
327112	2	3	0	0	0	3	0	3	0	0	0
327112	3	5	3	0	3	2	0	2	0	0	0
327112	4	2	1	0	1	1	0	1	0	0	0
327112	5	0	0	0	0	0	0	0	0	0	0
327112	6	0	0	0	0	0	0	0	0	0	0
327112	7	0	0	0	0	0	0	0	0	0	0
327112	8	1	0	0	0	1	0	1	0	0	0
327112	9	0	0	0	0	0	0	0	0	0	0
327112	10	0	0	0	0	0	0	0	0	0	0
327112	11	1	0	0	0	1	0	1	0	0	0
327112	12	2	1	0	1	1	0	1	0	0	0
327112	13	3	1	0	1	2	0	2	0	0	0
327112	14	2	1	0	1	1	0	1	0	0	0
327112	15	3	1	0	1	2	0	2	0	0	0
327112	16	2	1	0	1	1	0	1	0	0	0
327112	17	4	3	0	3	1	0	1	0	0	0
327112	18	4	2	0	2	2	0	2	0	0	0
327112	19	1	1	0	1	0	0	0	0	0	0
327112	20	5	4	0	4	1	0	1	0	0	0
327112	21	2	0	0	0	2	0	2	0	0	0
327112	22	1	1	0	1	0	0	0	0	0	0
327112	23	0	0	0	0	0	0	0	0	0	0
327112	24	2	1	0	1	1	0	1	0	0	0
327112	25	1	1	0	1	0	0	0	0	0	0
327112	26	1	0	0	0	1	0	1	0	0	0
327112	27	1	0	0	0	1	0	1	0	0	0
327112	28	0	0	0	0	0	0	0	0	0	0
327112	29	1	1	0	1	0	0	0	0	0	0
327112	30	1	0	0	0	1	0	1	0	0	0
327112	31	1	1	0	1	0	0	0	0	0	0
327112	32	1	0	0	0	1	0	1	0	0	0
327112	33	1	1	0	1	0	0	0	0	0	0
327112	34	0	0	0	0	0	0	0	0	0	0
327112	35	1	1	0	1	0	0	0	0	0	0
327112	36	0	0	0	0	0	0	0	0	0	0
327112	37	5	3	0	3	2	0	2	0	0	0
327112	38	4	3	0	3	1	0	1	0	0	0
327112	39	4	1	0	1	3	0	3	0	0	0
327112	40	5	4	0	4	1	0	1	0	0	0
327112	41	1	0	0	0	1	0	1	0	0	0
327112	42	5	3	0	3	2	0	2	0	0	0
327112	43	7	4	0	4	3	0	3	0	0	0
327112	44	4	3	0	3	1	0	1	0	0	0
327112	45	6	1	0	1	5	0	5	0	0	0
327112	46	4	2	0	2	2	0	2	0	0	0
327112	47	3	2	0	2	1	0	1	0	0	0
327112	48	12	4	0	4	8	0	8	0	0	0
327112	49	6	3	0	3	3	0	3	0	0	0
327112	50	11	8	0	8	3	0	3	0	0	0
327112	51	6	2	0	2	4	0	4	0	0	0
327112	52	6	2	0	2	4	0	4	0	0	0
327112	53	12	7	0	7	5	0	5	0	0	0
327112	54	13	10	0	10	3	0	3	0	0	0
327112	55	20	11	0	11	9	0	9	0	0	0
327112	56	15	4	0	4	11	0	11	0	0	0
327112	57	19	12	0	12	7	0	7	0	0	0
327112	58	9	6	0	6	3	0	3	0	0	0
327112	59	9	5	0	5	4	0	4	0	0	0
327112	60	12	5	0	5	7	0	7	0	0	0
327112	61	9	5	0	5	4	0	4	0	0	0
327112	62	14	6	0	6	8	0	8	0	0	0
327112	63	14	3	0	3	11	0	11	0	0	0
327112	64	14	10	0	10	4	0	4	0	0	0
327112	65	16	7	0	7	9	0	9	0	0	0
327112	66	13	7	0	7	6	0	6	0	0	0
327112	67	12	4	0	4	8	0	8	0	0	0
327112	68	14	7	0	7	7	0	7	0	0	0
327112	69	16	4	0	4	12	0	12	0	0	0
327112	70	14	10	0	10	4	0	4	0	0	0
327112	71	23	19	0	19	4	0	4	0	0	0
327112	72	20	9	0	9	11	0	11	0	0	0
327112	73	23	8	0	8	15	0	15	0	0	0
327112	74	23	14	0	14	9	0	9	0	0	0
327112	75	23	12	0	12	11	0	11	0	0	0
327112	76	14	7	0	7	7	0	7	0	0	0
327112	77	19	6	0	6	13	0	13	0	0	0
327112	78	17	6	0	6	11	0	11	0	0	0
327112	79	15	8	0	8	7	0	7	0	0	0
327112	80	14	8	0	8	6	0	6	0	0	0
327112	81	15	8	0	8	7	0	7	0	0	0
327112	82	10	5	0	5	5	0	5	0	0	0
327112	83	14	4	0	4	10	0	10	0	0	0
327112	84	15	7	0	7	8	0	8	0	0	0
327112	85	8	6	0	6	2	0	2	0	0	0
327112	86	12	3	0	3	9	0	9	0	0	0
327112	87	3	2	0	2	1	0	1	0	0	0
327112	88	8	4	0	4	4	0	4	0	0	0
327112	89	13	10	0	10	3	0	3	0	0	0
327112	90	10	5	0	5	5	0	5	0	0	0
327112	91	9	4	0	4	5	0	5	0	0	0
327112	92	13	7	0	7	6	0	6	0	0	0
327112	93	10	4	0	4	6	0	6	0	0	0
327112	94	10	2	0	2	8	0	8	0	0	0
327112	95	10	4	0	4	6	0	6	0	0	0
327112	96	3	1	0	1	2	0	2	0	0	0
327112	97	7	4	0	4	3	0	3	0	0	0
327112	98	7	2	0	2	5	0	5	0	0	0
327112	99	9	5	0	5	4	0	4	0	0	0
327112	100	10	5	0	5	5	0	5	0	0	0
327112	101	5	1	0	1	4	0	4	0	0	0
327112	102	12	5	0	5	7	0	7	0	0	0
327112	103	11	7	0	7	4	0	4	0	0	0
327112	104	9	4	0	4	5	0	5	0	0	0
327112	105	11	7	0	7	4	0	4	0	0	0
327112	106	11	5	0	5	6	0	6	0	0	0
327112	107	1	1	0	1	0	0	0	0	0	0
327112	108	8	4	0	4	4	0	4	0	0	0
327112	109	5	2	0	2	3	0	3	0	0	0
327112	110	4	2	0	2	2	0	2	0	0	0
327112	111	4	0	0	0	4	0	4	0	0	0
327112	112	4	0	0	0	4	0	4	0	0	0
327112	113	4	0	0	0	4	0	4	0	0	0
327112	114	7	3	0	3	4	0	4	0	0	0
327112	115	7	6	0	6	1	0	1	0	0	0
327112	116	4	2	0	2	2	0	2	0	0	0
327112	117	4	2	0	2	2	0	2	0	0	0
327112	118	1	0	0	0	1	0	1	0	0	0
327112	119	7	3	0	3	4	0	4	0	0	0
327112	120	7	4	0	4	3	0	3	0	0	0
122396	0	0	0	0	0	0	0	0	0	0	0
122396	1	2	0	0	0	2	0	2	0	0	0
122396	2	3	2	0	2	1	0	1	0	0	0
122396	3	3	2	0	2	1	0	1	0	0	0
122396	4	3	0	0	0	3	0	3	0	0	0
122396	5	1	1	0	1	0	0	0	0	0	0
122396	6	0	0	0	0	0	0	0	0	0	0
122396	7	2	1	0	1	1	0	1	0	0	0
122396	8	1	0	0	0	1	0	1	0	0	0
122396	9	2	0	0	0	2	0	2	0	0	0
122396	10	0	0	0	0	0	0	0	0	0	0
122396	11	2	0	0	0	2	0	2	0	0	0
122396	12	2	1	0	1	1	0	1	0	0	0
122396	13	0	0	0	0	0	0	0	0	0	0
122396	14	2	1	0	1	1	0	1	0	0	0
122396	15	5	4	0	4	1	0	1	0	0	0
122396	16	5	3	0	3	2	0	2	0	0	0
122396	17	4	1	0	1	3	0	3	0	0	0
122396	18	3	3	0	3	0	0	0	0	0	0
122396	19	1	1	0	1	0	0	0	0	0	0
122396	20	2	0	0	0	2	0	2	0	0	0
122396	21	4	2	0	2	2	0	2	0	0	0
122396	22	4	2	0	2	2	0	2	0	0	0
122396	23	3	1	0	1	2	0	2	0	0	0
122396	24	2	0	0	0	2	0	2	0	0	0
122396	25	5	0	0	0	5	0	5	0	0	0
122396	26	4	1	0	1	3	0	3	0	0	0
122396	27	8	6	0	6	2	0	2	0	0	0
122396	28	1	0	0	0	1	0	1	0	0	0
122396	29	4	2	0	2	2	0	2	0	0	0
122396	30	2	0	0	0	2	0	2	0	0	0
122396	31	10	4	0	4	6	0	6	0	0	0
122396	32	4	3	0	3	1	0	1	0	0	0
122396	33	4	2	0	2	2	0	2	0	0	0
122396	34	2	0	0	0	2	0	2	0	0	0
122396	35	0	0	0	0	0	0	0	0	0	0
122396	36	1	0	0	0	1	0	1	0	0	0
122396	37	5	4	0	4	1	0	1	0	0	0
122396	38	6	0	0	0	6	0	6	0	0	0
122396	39	4	2	0	2	2	0	2	0	0	0
122396	40	7	4	0	4	3	0	3	0	0	0
122396	41	7	4	0	4	3	0	3	0	0	0
122396	42	8	4	0	4	4	0	4	0	0	0
122396	43	9	2	0	2	7	0	7	0	0	0
122396	44	13	4	0	4	9	0	9	0	0	0
122396	45	14	6	0	6	8	0	8	0	0	0
122396	46	8	5	0	5	3	0	3	0	0	0
122396	47	8	5	0	5	3	0	3	0	0	0
122396	48	3	2	0	2	1	0	1	0	0	0
122396	49	10	7	0	7	3	0	3	0	0	0
122396	50	6	3	0	3	3	0	3	0	0	0
122396	51	13	8	0	8	5	0	5	0	0	0
122396	52	11	4	0	4	7	0	7	0	0	0
122396	53	9	4	0	4	5	0	5	0	0	0
122396	54	13	7	0	7	6	0	6	0	0	0
122396	55	11	3	0	3	8	0	8	0	0	0
122396	56	7	4	0	4	3	0	3	0	0	0
122396	57	6	4	0	4	2	0	2	0	0	0
122396	58	7	4	0	4	3	0	3	0	0	0
122396	59	6	2	0	2	4	0	4	0	0	0
122396	60	15	7	0	7	8	0	8	0	0	0
122396	61	7	3	0	3	4	0	4	0	0	0
122396	62	6	2	0	2	4	0	4	0	0	0
122396	63	7	5	0	5	2	0	2	0	0	0
122396	64	6	2	0	2	4	0	4	0	0	0
122396	65	6	3	0	3	3	0	3	0	0	0
122396	66	4	1	0	1	3	0	3	0	0	0
122396	67	9	5	0	5	4	0	4	0	0	0
122396	68	12	4	0	4	8	0	8	0	0	0
122396	69	12	5	0	5	7	0	7	0	0	0
122396	70	6	2	0	2	4	0	4	0	0	0
122396	71	6	2	0	2	4	0	4	0	0	0
122396	72	9	5	0	5	4	0	4	0	0	0
122396	73	10	6	0	6	4	0	4	0	0	0
122396	74	15	6	0	6	9	0	9	0	0	0
122396	75	11	6	0	6	5	0	5	0	0	0
122396	76	10	7	0	7	3	0	3	0	0	0
122396	77	10	6	0	6	4	0	4	0	0	0
122396	78	11	6	0	6	5	0	5	0	0	0
122396	79	13	4	0	4	9	0	9	0	0	0
122396	80	11	6	0	6	5	0	5	0	0	0
122396	81	6	2	0	2	4	0	4	0	0	0
122396	82	16	6	0	6	10	0	10	0	0	0
122396	83	6	3	0	3	3	0	3	0	0	0
122396	84	14	8	0	8	6	0	6	0	0	0
122396	85	2	1	0	1	1	0	1	0	0	0
122396	86	10	5	0	5	5	0	5	0	0	0
122396	87	16	11	0	11	5	0	5	0	0	0
122396	88	14	4	0	4	10	0	10	0	0	0
122396	89	17	8	0	8	9	0	9	0	0	0
122396	90	12	6	0	6	6	0	6	0	0	0
122396	91	19	12	0	12	7	0	7	0	0	0
122396	92	11	6	0	6	5	0	5	0	0	0
122396	93	15	9	0	9	6	0	6	0	0	0
122396	94	18	5	0	5	13	0	13	0	0	0
122396	95	9	6	0	6	3	0	3	0	0	0
122396	96	14	7	0	7	7	0	7	0	0	0
122396	97	13	9	0	9	4	0	4	0	0	0
122396	98	10	8	0	8	2	0	2	0	0	0
122396	99	4	1	0	1	3	0	3	0	0	0
122396	100	1	0	0	0	1	0	1	0	0	0
122396	101	13	8	0	8	5	0	5	0	0	0
122396	102	6	1	0	1	5	0	5	0	0	0
122396	103	9	8	0	8	1	0	1	0	0	0
122396	104	3	1	0	1	2	0	2	0	0	0
122396	105	10	2	0	2	8	0	8	0	0	0
122396	106	8	2	0	2	6	0	6	0	0	0
122396	107	8	3	0	3	5	0	5	0	0	0
122396	108	8	3	0	3	5	0	5	0	0	0
122396	109	8	4	0	4	4	0	4	0	0	0
122396	110	6	3	0	3	3	0	3	0	0	0
122396	111	5	1	0	1	4	0	4	0	0	0
122396	112	8	4	0	4	4	0	4	0	0	0
122396	113	5	2	0	2	3	0	3	0	0	0
122396	114	5	4	0	4	1	0	1	0	0	0
122396	115	6	5	0	5	1	0	1	0	0	0
122396	116	6	2	0	2	4	0	4	0	0	0
122396	117	7	4	0	4	3	0	3	0	0	0
122396	118	7	3	0	3	4	0	4	0	0	0
122396	119	7	4	0	4	3	0	3	0	0	0
122396	120	6	4	0	4	2	0	2	0	0	0
242368	0	0	0	0	0	0	0	0	0	0	0
242368	1	1	0	0	0	1	0	1	0	0	0
242368	2	4	1	0	1	3	0	3	0	0	0
242368	3	2	1	0	1	1	0	1	0	0	0
242368	4	1	0	0	0	1	0	1	0	0	0
242368	5	0	0	0	0	0	0	0	0	0	0
242368	6	0	0	0	0	0	0	0	0	0	0
242368	7	2	0	0	0	2	0	2	0	0	0
242368	8	2	1	0	1	1	0	1	0	0	0
242368	9	1	0	0	0	1	0	1	0	0	0
242368	10	0	0	0	0	0	0	0	0	0	0
242368	11	1	1	0	1	0	0	0	0	0	0
242368	12	1	1	0	1	0	0	0	0	0	0
242368	13	1	0	0	0	1	0	1	0	0	0
242368	14	5	3	0	3	2	0	2	0	0	0
242368	15	0	0	0	0	0	0	0	0	0	0
242368	16	1	1	0	1	0	0	0	0	0	0
242368	17	3	1	0	1	2	0	2	0	0	0
242368	18	0	0	0	0	0	0	0	0	0	0
242368	19	2	2	0	2	0	0	0	0	0	0
242368	20	4	3	0	3	1	0	1	0	0	0
242368	21	4	1	0	1	3	0	3	0	0	0
242368	22	7	2	0	2	5	0	5	0	0	0
242368	23	4	1	0	1	3	0	3	0	0	0
242368	24	10	6	0	6	4	0	4	0	0	0
242368	25	5	2	0	2	3	0	3	0	0	0
242368	26	5	2	0	2	3	0	3	0	0	0
242368	27	8	4	0	4	4	0	4	0	0	0
242368	28	6	1	0	1	5	0	5	0	0	0
242368	29	6	5	0	5	1	0	1	0	0	0
242368	30	12	5	0	5	7	0	7	0	0	0
242368	31	4	3	0	3	1	0	1	0	0	0
242368	32	9	3	0	3	6	0	6	0	0	0
242368	33	3	2	0	2	1	0	1	0	0	0
242368	34	12	5	0	5	7	0	7	0	0	0
242368	35	11	5	0	5	6	0	6	0	0	0
242368	36	8	2	0	2	6	0	6	0	0	0
242368	37	11	3	0	3	8	0	8	0	0	0
242368	38	14	6	0	6	8	0	8	0	0	0
242368	39	8	2	0	2	6	0	6	0	0	0
242368	40	8	2	0	2	6	0	6	0	0	0
242368	41	6	2	0	2	4	0	4	0	0	0
242368	42	7	5	0	5	2	0	2	0	0	0
242368	43	6	2	0	2	4	0	4	0	0	0
242368	44	7	1	0	1	6	0	6	0	0	0
242368	45	11	8	0	8	3	0	3	0	0	0
242368	46	17	10	0	10	7	0	7	0	0	0
242368	47	17	7	0	7	10	0	10	0	0	0
242368	48	11	7	0	7	4	0	4	0	0	0
242368	49	6	3	0	3	3	0	3	0	0	0
242368	50	11	7	0	7	4	0	4	0	0	0
242368	51	5	3	0	3	2	0	2	0	0	0
242368	52	5	2	0	2	3	0	3	0	0	0
242368	53	10	5	0	5	5	0	5	0	0	0
242368	54	5	4	0	4	1	0	1	0	0	0
242368	55	11	5	0	5	6	0	6	0	0	0
242368	56	18	8	0	8	10	0	10	0	0	0
242368	57	12	2	0	2	10	0	10	0	0	0
242368	58	15	9	0	9	6	0	6	0	0	0
242368	59	9	4	0	4	5	0	5	0	0	0
242368	60	6	3	0	3	3	0	3	0	0	0
242368	61	4	1	0	1	3	0	3	0	0	0
242368	62	7	4	0	4	3	0	3	0	0	0
242368	63	9	3	0	3	6	0	6	0	0	0
242368	64	17	9	0	9	8	0	8	0	0	0
242368	65	12	7	0	7	5	0	5	0	0	0
242368	66	12	6	0	6	6	0	6	0	0	0
242368	67	10	8	0	8	2	0	2	0	0	0
242368	68	3	0	0	0	3	0	3	0	0	0
242368	69	9	2	0	2	7	0	7	0	0	0
242368	70	8	5	0	5	3	0	3	0	0	0
242368	71	6	5	0	5	1	0	1	0	0	0
242368	72	9	5	0	5	4	0	4	0	0	0
242368	73	8	3	0	3	5	0	5	0	0	0
242368	74	11	8	0	8	3	0	3	0	0	0
242368	75	11	5	0	5	6	0	6	0	0	0
242368	76	8	2	0	2	6	0	6	0	0	0
242368	77	11	7	0	7	4	0	4	0	0	0
242368	78	8	3	0	3	5	0	5	0	0	0
242368	79	8	3	0	3	5	0	5	0	0	0
242368	80	3	3	0	3	0	0	0	0	0	0
242368	81	9	3	0	3	6	0	6	0	0	0
242368	82	6	2	0	2	4	0	4	0	0	0
242368	83	10	4	0	4	6	0	6	0	0	0
242368	84	9	2	0	2	7	0	7	0	0	0
242368	85	9	2	0	2	7	0	7	0	0	0
242368	86	6	2	0	2	4	0	4	0	0	0
242368	87	7	0	0	0	7	0	7	0	0	0
242368	88	8	3	0	3	5	0	5	0	0	0
242368	89	3	2	0	2	1	0	1	0	0	0
242368	90	8	4	0	4	4	0	4	0	0	0
242368	91	7	3	0	3	4	0	4	0	0	0
242368	92	8	6	0	6	2	0	2	0	0	0
242368	93	10	4	0	4	6	0	6	0	0	0
242368	94	7	5	0	5	2	0	2	0	0	0
242368	95	4	1	0	1	3	0	3	0	0	0
242368	96	4	2	0	2	2	0	2	0	0	0
242368	97	6	4	0	4	2	0	2	0	0	0
242368	98	10	5	0	5	5	0	5	0	0	0
242368	99	8	3	0	3	5	0	5	0	0	0
242368	100	7	5	0	5	2	0	2	0	0	0
242368	101	3	0	0	0	3	0	3	0	0	0
242368	102	2	0	0	0	2	0	2	0	0	0
242368	103	4	3	0	3	1	0	1	0	0	0
242368	104	5	2	0	2	3	0	3	0	0	0
242368	105	9	6	0	6	3	0	3	0	0	0
242368	106	10	3	0	3	7	0	7	0	0	0
242368	107	5	2	0	2	3	0	3	0	0	0
242368	108	7	1	0	1	6	0	6	0	0	0
242368	109	5	2	0	2	3	0	3	0	0	0
242368	110	3	1	0	1	2	0	2	0	0	0
242368	111	5	4	0	4	1	0	1	0	0	0
242368	112	5	2	0	2	3	0	3	0	0	0
242368	113	7	5	0	5	2	0	2	0	0	0
242368	114	10	4	0	4	6	0	6	0	0	0
242368	115	8	3	0	3	5	0	5	0	0	0
242368	116	6	2	0	2	4	0	4	0	0	0
242368	117	12	4	0	4	8	0	8	0	0	0
242368	118	8	5	0	5	3	0	3	0	0	0
242368	119	5	2	0	2	3	0	3	0	0	0
242368	120	2	0	0	0	2	0	2	0	0	0
176092	0	0	0	0	0	0	0	0	0	0	0
176092	1	4	0	0	0	4	0	4	0	0	0
176092	2	3	1	0	1	2	0	2	0	0	0
176092	3	1	1	0	1	0	0	0	0	0	0
176092	4	0	0	0	0	0	0	0	0	0	0
176092	5	1	0	0	0	1	0	1	0	0	0
176092	6	2	1	0	1	1	0	1	0	0	0
176092	7	1	1	0	1	0	0	0	0	0	0
176092	8	1	0	0	0	1	0	1	0	0	0
176092	9	0	0	0	0	0	0	0	0	0	0
176092	10	1	0	0	0	1	0	1	0	0	0
176092	11	0	0	0	0	0	0	0	0	0	0
176092	12	0	0	0	0	0	0	0	0	0	0
176092	13	0	0	0	0	0	0	0	0	0	0
176092	14	0	0	0	0	0	0	0	0	0	0
176092	15	0	0	0	0	0	0	0	0	0	0
176092	16	0	0	0	0	0	0	0	0	0	0
176092	17	2	2	0	2	0	0	0	0	0	0
176092	18	1	1	0	1	0	0	0	0	0	0
176092	19	0	0	0	0	0	0	0	0	0	0
176092	20	1	0	0	0	1	0	1	0	0	0
176092	21	0	0	0	0	0	0	0	0	0	0
176092	22	0	0	0	0	0	0	0	0	0	0
176092	23	0	0	0	0	0	0	0	0	0	0
176092	24	1	0	0	0	1	0	1	0	0	0
176092	25	0	0	0	0	0	0	0	0	0	0
176092	26	0	0	0	0	0	0	0	0	0	0
176092	27	0	0	0	0	0	0	0	0	0	0
176092	28	0	0	0	0	0	0	0	0	0	0
176092	29	0	0	0	0	0	0	0	0	0	0
176092	30	0	0	0	0	0	0	0	0	0	0
176092	31	0	0	0	0	0	0	0	0	0	0
176092	32	0	0	0	0	0	0	0	0	0	0
176092	33	0	0	0	0	0	0	0	0	0	0
176092	34	0	0	0	0	0	0	0	0	0	0
176092	35	0	0	0	0	0	0	0	0	0	0
176092	36	0	0	0	0	0	0	0	0	0	0
176092	37	0	0	0	0	0	0	0	0	0	0
176092	38	0	0	0	0	0	0	0	0	0	0
176092	39	0	0	0	0	0	0	0	0	0	0
176092	40	0	0	0	0	0	0	0	0	0	0
176092	41	0	0	0	0	0	0	0	0	0	0
176092	42	0	0	0	0	0	0	0	0	0	0
176092	43	0	0	0	0	0	0	0	0	0	0
176092	44	2	1	0	1	1	0	1	0	0	0
176092	45	0	0	0	0	0	0	0	0	0	0
176092	46	0	0	0	0	0	0	0	0	0	0
176092	47	0	0	0	0	0	0	0	0	0	0
176092	48	0	0	0	0	0	0	0	0	0	0
176092	49	0	0	0	0	0	0	0	0	0	0
176092	50	0	0	0	0	0	0	0	0	0	0
176092	51	0	0	0	0	0	0	0	0	0	0
176092	52	1	0	0	0	1	0	1	0	0	0
176092	53	0	0	0	0	0	0	0	0	0	0
176092	54	1	1	0	1	0	0	0	0	0	0
176092	55	2	1	0	1	1	0	1	0	0	0
176092	56	0	0	0	0	0	0	0	0	0	0
176092	57	1	0	0	0	1	0	1	0	0	0
176092	58	4	1	0	1	3	0	3	0	0	0
176092	59	4	2	0	2	2	0	2	0	0	0
176092	60	4	2	0	2	2	0	2	0	0	0
176092	61	2	1	0	1	1	0	1	0	0	0
176092	62	0	0	0	0	0	0	0	0	0	0
176092	63	2	0	0	0	2	0	2	0	0	0
176092	64	0	0	0	0	0	0	0	0	0	0
176092	65	1	0	0	0	1	0	1	0	0	0
176092	66	0	0	0	0	0	0	0	0	0	0
176092	67	2	2	0	2	0	0	0	0	0	0
176092	68	2	2	0	2	0	0	0	0	0	0
176092	69	7	4	0	4	3	0	3	0	0	0
176092	70	0	0	0	0	0	0	0	0	0	0
176092	71	7	3	0	3	4	0	4	0	0	0
176092	72	2	0	0	0	2	0	2	0	0	0
176092	73	5	3	0	3	2	0	2	0	0	0
176092	74	2	1	0	1	1	0	1	0	0	0
176092	75	4	2	0	2	2	0	2	0	0	0
176092	76	1	0	0	0	1	0	1	0	0	0
176092	77	4	2	0	2	2	0	2	0	0	0
176092	78	8	3	0	3	5	0	5	0	0	0
176092	79	5	2	0	2	3	0	3	0	0	0
176092	80	6	2	0	2	4	0	4	0	0	0
176092	81	7	4	0	4	3	0	3	0	0	0
176092	82	8	5	0	5	3	0	3	0	0	0
176092	83	5	2	0	2	3	0	3	0	0	0
176092	84	5	4	0	4	1	0	1	0	0	0
176092	85	3	1	0	1	2	0	2	0	0	0
176092	86	7	4	0	4	3	0	3	0	0	0
176092	87	6	3	0	3	3	0	3	0	0	0
176092	88	12	8	0	8	4	0	4	0	0	0
176092	89	12	6	0	6	6	0	6	0	0	0
176092	90	5	3	0	3	2	0	2	0	0	0
176092	91	8	4	0	4	4	0	4	0	0	0
176092	92	6	4	0	4	2	0	2	0	0	0
176092	93	16	7	0	7	9	0	9	0	0	0
176092	94	7	3	0	3	4	0	4	0	0	0
176092	95	10	3	0	3	7	0	7	0	0	0
176092	96	9	6	0	6	3	0	3	0	0	0
176092	97	20	14	0	14	6	0	6	0	0	0
176092	98	13	8	0	8	5	0	5	0	0	0
176092	99	11	5	0	5	6	0	6	0	0	0
176092	100	11	6	0	6	5	0	5	0	0	0
176092	101	14	6	0	6	8	0	8	0	0	0
176092	102	20	10	0	10	10	0	10	0	0	0
176092	103	13	6	0	6	7	0	7	0	0	0
176092	104	13	7	0	7	6	0	6	0	0	0
176092	105	23	11	0	11	12	0	12	0	0	0
176092	106	17	11	0	11	6	0	6	0	0	0
176092	107	10	4	0	4	6	0	6	0	0	0
176092	108	15	10	0	10	5	0	5	0	0	0
176092	109	22	10	0	10	12	0	12	0	0	0
176092	110	20	9	0	9	11	0	11	0	0	0
176092	111	9	5	0	5	4	0	4	0	0	0
176092	112	12	7	0	7	5	0	5	0	0	0
176092	113	14	6	0	6	8	0	8	0	0	0
176092	114	12	5	0	5	7	0	7	0	0	0
176092	115	17	7	0	7	10	0	10	0	0	0
176092	116	12	6	0	6	6	0	6	0	0	0
176092	117	26	12	0	12	14	0	14	0	0	0
176092	118	18	7	0	7	11	0	11	0	0	0
176092	119	15	6	0	6	9	0	9	0	0	0
176092	120	14	8	0	8	6	0	6	0	0	0
944175	0	0	0	0	0	0	0	0	0	0	0
944175	1	6	4	0	4	2	0	2	0	0	0
944175	2	7	5	0	5	2	0	2	0	0	0
944175	3	3	1	0	1	2	0	2	0	0	0
944175	4	7	2	0	2	5	0	5	0	0	0
944175	5	4	3	0	3	1	0	1	0	0	0
944175	6	8	2	0	2	6	0	6	0	0	0
944175	7	8	6	0	6	2	0	2	0	0	0
944175	8	11	2	0	2	9	0	9	0	0	0
944175	9	11	8	0	8	3	0	3	0	0	0
944175	10	5	1	0	1	4	0	4	0	0	0
944175	11	8	3	0	3	5	0	5	0	0	0
944175	12	9	3	0	3	6	0	6	0	0	0
944175	13	13	5	0	5	8	0	8	0	0	0
944175	14	9	7	0	7	2	0	2	0	0	0
944175	15	10	4	0	4	6	0	6	0	0	0
944175	16	13	7	0	7	6	0	6	0	0	0
944175	17	12	4	0	4	8	0	8	0	0	0
944175	18	15	10	0	10	5	0	5	0	0	0
944175	19	3	0	0	0	3	0	3	0	0	0
944175	20	17	11	0	11	6	0	6	0	0	0
944175	21	25	16	0	16	9	0	9	0	0	0
944175	22	12	8	0	8	4	0	4	0	0	0
944175	23	10	4	0	4	6	0	6	0	0	0
944175	24	6	4	0	4	2	0	2	0	0	0
944175	25	8	2	0	2	6	0	6	0	0	0
944175	26	10	5	0	5	5	0	5	0	0	0
944175	27	12	6	0	6	6	0	6	0	0	0
944175	28	25	12	0	12	13	0	13	0	0	0
944175	29	28	12	0	12	16	0	16	0	0	0
944175	30	21	12	0	12	9	0	9	0	0	0
944175	31	14	5	0	5	9	0	9	0	0	0
944175	32	23	7	0	7	16	0	16	0	0	0
944175	33	25	15	0	15	10	0	10	0	0	0
944175	34	18	11	0	11	7	0	7	0	0	0
944175	35	16	7	0	7	9	0	9	0	0	0
944175	36	23	7	0	7	16	0	16	0	0	0
944175	37	13	5	0	5	8	0	8	0	0	0
944175	38	9	7	0	7	2	0	2	0	0	0
944175	39	11	4	0	4	7	0	7	0	0	0
944175	40	15	7	0	7	8	0	8	0	0	0
944175	41	14	7	0	7	7	0	7	0	0	0
944175	42	10	5	0	5	5	0	5	0	0	0
944175	43	19	10	0	10	9	0	9	0	0	0
944175	44	9	7	0	7	2	0	2	0	0	0
944175	45	8	6	0	6	2	0	2	0	0	0
944175	46	7	5	0	5	2	0	2	0	0	0
944175	47	8	7	0	7	1	0	1	0	0	0
944175	48	4	3	0	3	1	0	1	0	0	0
944175	49	6	3	0	3	3	0	3	0	0	0
944175	50	5	2	0	2	3	0	3	0	0	0
944175	51	5	3	0	3	2	0	2	0	0	0
944175	52	5	4	0	4	1	0	1	0	0	0
944175	53	14	7	0	7	7	0	7	0	0	0
944175	54	11	4	0	4	7	0	7	0	0	0
944175	55	8	4	0	4	4	0	4	0	0	0
944175	56	8	2	0	2	6	0	6	0	0	0
944175	57	5	3	0	3	2	0	2	0	0	0
944175	58	6	2	0	2	4	0	4	0	0	0
944175	59	5	2	0	2	3	0	3	0	0	0
944175	60	5	5	0	5	0	0	0	0	0	0
944175	61	5	5	0	5	0	0	0	0	0	0
944175	62	10	5	0	5	5	0	5	0	0	0
944175	63	8	5	0	5	3	0	3	0	0	0
944175	64	7	5	0	5	2	0	2	0	0	0
944175	65	7	5	0	5	2	0	2	0	0	0
944175	66	5	4	0	4	1	0	1	0	0	0
944175	67	5	4	0	4	1	0	1	0	0	0
944175	68	6	5	0	5	1	0	1	0	0	0
944175	69	4	2	0	2	2	0	2	0	0	0
944175	70	5	3	0	3	2	0	2	0	0	0
944175	71	7	2	0	2	5	0	5	0	0	0
944175	72	6	4	0	4	2	0	2	0	0	0
944175	73	3	2	0	2	1	0	1	0	0	0
944175	74	1	0	0	0	1	0	1	0	0	0
944175	75	5	1	0	1	4	0	4	0	0	0
944175	76	8	7	0	7	1	0	1	0	0	0
944175	77	9	2	0	2	7	0	7	0	0	0
944175	78	6	4	0	4	2	0	2	0	0	0
944175	79	12	9	0	9	3	0	3	0	0	0
944175	80	10	4	0	4	6	0	6	0	0	0
944175	81	13	9	0	9	4	0	4	0	0	0
944175	82	7	3	0	3	4	0	4	0	0	0
944175	83	7	3	0	3	4	0	4	0	0	0
944175	84	7	4	0	4	3	0	3	0	0	0
944175	85	5	2	0	2	3	0	3	0	0	0
944175	86	5	3	0	3	2	0	2	0	0	0
944175	87	1	0	0	0	1	0	1	0	0	0
944175	88	3	1	0	1	2	0	2	0	0	0
944175	89	5	3	0	3	2	0	2	0	0	0
944175	90	4	1	0	1	3	0	3	0	0	0
944175	91	7	1	0	1	6	0	6	0	0	0
944175	92	6	3	0	3	3	0	3	0	0	0
944175	93	4	2	0	2	2	0	2	0	0	0
944175	94	5	2	0	2	3	0	3	0	0	0
944175	95	3	1	0	1	2	0	2	0	0	0
944175	96	2	1	0	1	1	0	1	0	0	0
944175	97	5	1	0	1	4	0	4	0	0	0
944175	98	3	2	0	2	1	0	1	0	0	0
944175	99	2	0	0	0	2	0	2	0	0	0
944175	100	4	1	0	1	3	0	3	0	0	0
944175	101	4	1	0	1	3	0	3	0	0	0
944175	102	4	2	0	2	2	0	2	0	0	0
944175	103	1	1	0	1	0	0	0	0	0	0
944175	104	2	1	0	1	1	0	1	0	0	0
944175	105	1	0	0	0	1	0	1	0	0	0
944175	106	5	4	0	4	1	0	1	0	0	0
944175	107	3	2	0	2	1	0	1	0	0	0
944175	108	4	3	0	3	1	0	1	0	0	0
944175	109	2	1	0	1	1	0	1	0	0	0
944175	110	2	1	0	1	1	0	1	0	0	0
944175	111	5	3	0	3	2	0	2	0	0	0
944175	112	5	2	0	2	3	0	3	0	0	0
944175	113	4	2	0	2	2	0	2	0	0	0
944175	114	5	3	0	3	2	0	2	0	0	0
944175	115	4	3	0	3	1	0	1	0	0	0
944175	116	0	0	0	0	0	0	0	0	0	0
944175	117	2	2	0	2	0	0	0	0	0	0
944175	118	1	0	0	0	1	0	1	0	0	0
944175	119	0	0	0	0	0	0	0	0	0	0
944175	120	1	0	0	0	1	0	1	0	0	0
784373	0	0	0	0	0	0	0	0	0	0	0
784373	1	2	1	0	1	1	0	1	0	0	0
784373	2	5	1	0	1	4	0	4	0	0	0
784373	3	2	1	0	1	1	0	1	0	0	0
784373	4	2	1	0	1	1	0	1	0	0	0
784373	5	2	2	0	2	0	0	0	0	0	0
784373	6	1	0	0	0	1	0	1	0	0	0
784373	7	2	2	0	2	0	0	0	0	0	0
784373	8	1	0	0	0	1	0	1	0	0	0
784373	9	3	2	0	2	1	0	1	0	0	0
784373	10	4	2	0	2	2	0	2	0	0	0
784373	11	2	1	0	1	1	0	1	0	0	0
784373	12	2	1	0	1	1	0	1	0	0	0
784373	13	2	1	0	1	1	0	1	0	0	0
784373	14	3	2	0	2	1	0	1	0	0	0
784373	15	1	0	0	0	1	0	1	0	0	0
784373	16	1	0	0	0	1	0	1	0	0	0
784373	17	4	1	0	1	3	0	3	0	0	0
784373	18	4	0	0	0	4	0	4	0	0	0
784373	19	2	1	0	1	1	0	1	0	0	0
784373	20	2	0	0	0	2	0	2	0	0	0
784373	21	3	3	0	3	0	0	0	0	0	0
784373	22	1	0	0	0	1	0	1	0	0	0
784373	23	7	2	0	2	5	0	5	0	0	0
784373	24	10	4	0	4	6	0	6	0	0	0
784373	25	12	2	0	2	10	0	10	0	0	0
784373	26	9	4	0	4	5	0	5	0	0	0
784373	27	8	4	0	4	4	0	4	0	0	0
784373	28	11	7	0	7	4	0	4	0	0	0
784373	29	11	8	0	8	3	0	3	0	0	0
784373	30	10	5	0	5	5	0	5	0	0	0
784373	31	10	5	0	5	5	0	5	0	0	0
784373	32	14	6	0	6	8	0	8	0	0	0
784373	33	17	9	0	9	8	0	8	0	0	0
784373	34	11	3	0	3	8	0	8	0	0	0
784373	35	13	9	0	9	4	0	4	0	0	0
784373	36	11	5	0	5	6	0	6	0	0	0
784373	37	8	4	0	4	4	0	4	0	0	0
784373	38	18	10	0	10	8	0	8	0	0	0
784373	39	7	2	0	2	5	0	5	0	0	0
784373	40	18	6	0	6	12	0	12	0	0	0
784373	41	12	4	0	4	8	0	8	0	0	0
784373	42	13	6	0	6	7	0	7	0	0	0
784373	43	15	7	0	7	8	0	8	0	0	0
784373	44	12	7	0	7	5	0	5	0	0	0
784373	45	23	12	0	12	11	0	11	0	0	0
784373	46	11	3	0	3	8	0	8	0	0	0
784373	47	13	6	0	6	7	0	7	0	0	0
784373	48	9	5	0	5	4	0	4	0	0	0
784373	49	15	8	0	8	7	0	7	0	0	0
784373	50	15	12	0	12	3	0	3	0	0	0
784373	51	14	4	0	4	10	0	10	0	0	0
784373	52	11	6	0	6	5	0	5	0	0	0
784373	53	10	4	0	4	6	0	6	0	0	0
784373	54	17	9	0	9	8	0	8	0	0	0
784373	55	13	6	0	6	7	0	7	0	0	0
784373	56	13	5	0	5	8	0	8	0	0	0
784373	57	6	5	0	5	1	0	1	0	0	0
784373	58	12	4	0	4	8	0	8	0	0	0
784373	59	9	4	0	4	5	0	5	0	0	0
784373	60	7	4	0	4	3	0	3	0	0	0
784373	61	10	6	0	6	4	0	4	0	0	0
784373	62	8	4	0	4	4	0	4	0	0	0
784373	63	14	8	0	8	6	0	6	0	0	0
784373	64	11	7	0	7	4	0	4	0	0	0
784373	65	9	2	0	2	7	0	7	0	0	0
784373	66	9	5	0	5	4	0	4	0	0	0
784373	67	18	11	0	11	7	0	7	0	0	0
784373	68	10	7	0	7	3	0	3	0	0	0
784373	69	8	4	0	4	4	0	4	0	0	0
784373	70	15	6	0	6	9	0	9	0	0	0
784373	71	15	8	0	8	7	0	7	0	0	0
784373	72	13	4	0	4	9	0	9	0	0	0
784373	73	8	1	0	1	7	0	7	0	0	0
784373	74	5	2	0	2	3	0	3	0	0	0
784373	75	5	3	0	3	2	0	2	0	0	0
784373	76	5	3	0	3	2	0	2	0	0	0
784373	77	6	4	0	4	2	0	2	0	0	0
784373	78	9	6	0	6	3	0	3	0	0	0
784373	79	5	4	0	4	1	0	1	0	0	0
784373	80	13	8	0	8	5	0	5	0	0	0
784373	81	7	4	0	4	3	0	3	0	0	0
784373	82	7	4	0	4	3	0	3	0	0	0
784373	83	9	5	0	5	4	0	4	0	0	0
784373	84	6	2	0	2	4	0	4	0	0	0
784373	85	10	5	0	5	5	0	5	0	0	0
784373	86	13	6	0	6	7	0	7	0	0	0
784373	87	6	1	0	1	5	0	5	0	0	0
784373	88	4	3	0	3	1	0	1	0	0	0
784373	89	6	2	0	2	4	0	4	0	0	0
784373	90	4	3	0	3	1	0	1	0	0	0
784373	91	14	12	0	12	2	0	2	0	0	0
784373	92	5	2	0	2	3	0	3	0	0	0
784373	93	5	2	0	2	3	0	3	0	0	0
784373	94	2	1	0	1	1	0	1	0	0	0
784373	95	12	6	0	6	6	0	6	0	0	0
784373	96	2	2	0	2	0	0	0	0	0	0
784373	97	2	1	0	1	1	0	1	0	0	0
784373	98	5	0	0	0	5	0	5	0	0	0
784373	99	4	4	0	4	0	0	0	0	0	0
784373	100	5	2	0	2	3	0	3	0	0	0
784373	101	6	1	0	1	5	0	5	0	0	0
784373	102	1	1	0	1	0	0	0	0	0	0
784373	103	2	0	0	0	2	0	2	0	0	0
784373	104	3	1	0	1	2	0	2	0	0	0
784373	105	2	0	0	0	2	0	2	0	0	0
784373	106	4	3	0	3	1	0	1	0	0	0
784373	107	4	1	0	1	3	0	3	0	0	0
784373	108	2	1	0	1	1	0	1	0	0	0
784373	109	8	4	0	4	4	0	4	0	0	0
784373	110	3	2	0	2	1	0	1	0	0	0
784373	111	3	3	0	3	0	0	0	0	0	0
784373	112	4	1	0	1	3	0	3	0	0	0
784373	113	4	1	0	1	3	0	3	0	0	0
784373	114	4	0	0	0	4	0	4	0	0	0
784373	115	10	4	0	4	6	0	6	0	0	0
784373	116	7	4	0	4	3	0	3	0	0	0
784373	117	5	3	0	3	2	0	2	0	0	0
784373	118	6	4	0	4	2	0	2	0	0	0
784373	119	10	7	0	7	3	0	3	0	0	0
784373	120	10	2	0	2	8	0	8	0	0	0
335304	0	0	0	0	0	0	0	0	0	0	0
335304	1	7	3	0	3	4	0	4	0	0	0
335304	2	0	0	0	0	0	0	0	0	0	0
335304	3	2	1	0	1	1	0	1	0	0	0
335304	4	0	0	0	0	0	0	0	0	0	0
335304	5	3	3	0	3	0	0	0	0	0	0
335304	6	1	1	0	1	0	0	0	0	0	0
335304	7	3	2	0	2	1	0	1	0	0	0
335304	8	0	0	0	0	0	0	0	0	0	0
335304	9	0	0	0	0	0	0	0	0	0	0
335304	10	1	1	0	1	0	0	0	0	0	0
335304	11	0	0	0	0	0	0	0	0	0	0
335304	12	0	0	0	0	0	0	0	0	0	0
335304	13	1	0	0	0	1	0	1	0	0	0
335304	14	2	1	0	1	1	0	1	0	0	0
335304	15	2	1	0	1	1	0	1	0	0	0
335304	16	1	1	0	1	0	0	0	0	0	0
335304	17	4	1	0	1	3	0	3	0	0	0
335304	18	2	2	0	2	0	0	0	0	0	0
335304	19	8	2	0	2	6	0	6	0	0	0
335304	20	1	1	0	1	0	0	0	0	0	0
335304	21	5	3	0	3	2	0	2	0	0	0
335304	22	4	2	0	2	2	0	2	0	0	0
335304	23	7	4	0	4	3	0	3	0	0	0
335304	24	6	2	0	2	4	0	4	0	0	0
335304	25	4	1	0	1	3	0	3	0	0	0
335304	26	3	2	0	2	1	0	1	0	0	0
335304	27	6	2	0	2	4	0	4	0	0	0
335304	28	3	1	0	1	2	0	2	0	0	0
335304	29	2	1	0	1	1	0	1	0	0	0
335304	30	4	0	0	0	4	0	4	0	0	0
335304	31	4	1	0	1	3	0	3	0	0	0
335304	32	2	1	0	1	1	0	1	0	0	0
335304	33	5	3	0	3	2	0	2	0	0	0
335304	34	3	2	0	2	1	0	1	0	0	0
335304	35	5	3	0	3	2	0	2	0	0	0
335304	36	1	1	0	1	0	0	0	0	0	0
335304	37	5	1	0	1	4	0	4	0	0	0
335304	38	4	3	0	3	1	0	1	0	0	0
335304	39	6	3	0	3	3	0	3	0	0	0
335304	40	4	1	0	1	3	0	3	0	0	0
335304	41	8	5	0	5	3	0	3	0	0	0
335304	42	5	2	0	2	3	0	3	0	0	0
335304	43	9	3	0	3	6	0	6	0	0	0
335304	44	3	2	0	2	1	0	1	0	0	0
335304	45	13	5	0	5	8	0	8	0	0	0
335304	46	11	7	0	7	4	0	4	0	0	0
335304	47	12	2	0	2	10	0	10	0	0	0
335304	48	15	9	0	9	6	0	6	0	0	0
335304	49	9	0	0	0	9	0	9	0	0	0
335304	50	12	7	0	7	5	0	5	0	0	0
335304	51	14	8	0	8	6	0	6	0	0	0
335304	52	11	5	0	5	6	0	6	0	0	0
335304	53	10	3	0	3	7	0	7	0	0	0
335304	54	19	8	0	8	11	0	11	0	0	0
335304	55	9	3	0	3	6	0	6	0	0	0
335304	56	10	3	0	3	7	0	7	0	0	0
335304	57	13	7	0	7	6	0	6	0	0	0
335304	58	7	5	0	5	2	0	2	0	0	0
335304	59	10	8	0	8	2	0	2	0	0	0
335304	60	7	4	0	4	3	0	3	0	0	0
335304	61	7	1	0	1	6	0	6	0	0	0
335304	62	10	6	0	6	4	0	4	0	0	0
335304	63	12	8	0	8	4	0	4	0	0	0
335304	64	15	10	0	10	5	0	5	0	0	0
335304	65	19	11	0	11	8	0	8	0	0	0
335304	66	13	4	0	4	9	0	9	0	0	0
335304	67	13	11	0	11	2	0	2	0	0	0
335304	68	16	7	0	7	9	0	9	0	0	0
335304	69	17	8	0	8	9	0	9	0	0	0
335304	70	14	7	0	7	7	0	7	0	0	0
335304	71	17	6	0	6	11	0	11	0	0	0
335304	72	13	6	0	6	7	0	7	0	0	0
335304	73	11	5	0	5	6	0	6	0	0	0
335304	74	14	8	0	8	6	0	6	0	0	0
335304	75	13	5	0	5	8	0	8	0	0	0
335304	76	12	5	0	5	7	0	7	0	0	0
335304	77	14	6	0	6	8	0	8	0	0	0
335304	78	16	7	0	7	9	0	9	0	0	0
335304	79	8	5	0	5	3	0	3	0	0	0
335304	80	7	1	0	1	6	0	6	0	0	0
335304	81	13	8	0	8	5	0	5	0	0	0
335304	82	13	6	0	6	7	0	7	0	0	0
335304	83	6	2	0	2	4	0	4	0	0	0
335304	84	7	4	0	4	3	0	3	0	0	0
335304	85	12	7	0	7	5	0	5	0	0	0
335304	86	8	2	0	2	6	0	6	0	0	0
335304	87	7	4	0	4	3	0	3	0	0	0
335304	88	11	6	0	6	5	0	5	0	0	0
335304	89	12	8	0	8	4	0	4	0	0	0
335304	90	10	5	0	5	5	0	5	0	0	0
335304	91	8	4	0	4	4	0	4	0	0	0
335304	92	12	8	0	8	4	0	4	0	0	0
335304	93	10	7	0	7	3	0	3	0	0	0
335304	94	11	6	0	6	5	0	5	0	0	0
